disrution_start: 1 disruption_end 3
[1, 2, 4] [3] [6] [5, 7, 8, 9, 10, 11, 12, 13, 14, 15, 16, 17, 18, 19, 20, 21, 22, 23, 24, 25, 26, 27, 28, 29, 30, 31, 32]
reschedul_list [6, 5, 7, 8, 9, 10, 11, 12, 13, 14, 15, 16, 17, 18, 19, 20, 21, 22, 23, 24, 25, 26, 27, 28, 29, 30, 31, 32, 3]
min(exceed_resource) 30
group: [22, 8]
[2, 1, 2, 1, 1, 3, 2, 3, 1, 2, 3, 2, 1, 1, 2, 1, 2, 1, 1, 1, 1, 2, 1, 1, 1, 2, 1, 1, 1]
[11, 5, 6, 3, 8, 9, 20, 12, 25, 7, 15, 18, 27, 10, 13, 14, 19, 21, 16, 17, 29, 22, 26, 23, 30, 24, 28, 31, 32]
[0, 0, 0, 0, 0, 0, 5, 5, 5, 9, 0, 14, 16, 24, 7, 9, 24, 11, 29, 14, 16, 24, 32, 25, 18, 29, 19, 33, 22, 38, 34, 44]
[0, 0, 5, 0, 1, 3, 9, 7, 14, 16, 10, 18, 24, 29, 11, 14, 27, 16, 32, 19, 24, 25, 38, 27, 20, 33, 22, 34, 27, 44, 35, 44]
------------------------我是分割线--------------------------------
[0, 0, 0, 0, 0, 0, 5, 5, 5, 9, 0, 14, 16, 24, 7, 9, 24, 11, 29, 14, 16, 24, 32, 25, 18, 29, 19, 33, 22, 38, 34, 44]
 [0, 0, 5, 0, 1, 3, 9, 7, 14, 16, 10, 18, 24, 29, 11, 14, 27, 16, 32, 19, 24, 25, 38, 27, 20, 33, 22, 34, 27, 44, 35, 44]
 [5, 5, 5, 5, 5, 12, 12, 12, 12, 7, 7, 7, 7, 7, 5, 5, 2, 2, 1, 7, 7, 7, 1, 1, 4, 7, 7, 0, 0, 9, 9, 9, 0, 0, 9, 0, 0, 0, 0, 0, 0, 0, 0, 0]
 [14, 10, 10, 2, 2, 11, 11, 5, 5, 10, 8, 14, 14, 14, 14, 14, 12, 12, 14, 9, 7, 7, 14, 14, 12, 10, 10, 3, 3, 8, 8, 8, 12, 13, 4, 4, 4, 4, 3, 3, 3, 3, 3, 3]


disrution_start: 2 disruption_end 4
[1, 2, 4] [3, 6] [] [5, 7, 8, 9, 10, 11, 12, 13, 14, 15, 16, 17, 18, 19, 20, 21, 22, 23, 24, 25, 26, 27, 28, 29, 30, 31, 32]
reschedul_list [5, 7, 8, 9, 10, 11, 12, 13, 14, 15, 16, 17, 18, 19, 20, 21, 22, 23, 24, 25, 26, 27, 28, 29, 30, 31, 32, 3, 6]
min(exceed_resource) 30
group: [22, 8]
[3, 2, 1, 1, 1, 3, 1, 1, 1, 2, 3, 2, 2, 1, 1, 1, 1, 2, 1, 2, 1, 1, 1, 2, 3, 2, 2, 1, 1]
[6, 5, 11, 3, 9, 7, 12, 10, 16, 13, 14, 25, 8, 15, 22, 20, 18, 24, 21, 19, 23, 27, 17, 26, 30, 28, 29, 31, 32]
[0, 0, 0, 0, 0, 0, 4, 4, 4, 8, 0, 13, 13, 21, 6, 8, 21, 10, 26, 13, 14, 21, 29, 22, 17, 26, 16, 30, 21, 37, 37, 44]
[0, 0, 4, 0, 4, 2, 8, 6, 13, 13, 6, 17, 21, 26, 10, 13, 24, 14, 29, 16, 23, 22, 37, 24, 18, 30, 21, 37, 26, 44, 38, 44]
------------------------我是分割线--------------------------------
[0, 0, 0, 0, 0, 0, 4, 4, 4, 8, 0, 13, 13, 21, 6, 8, 21, 10, 26, 13, 14, 21, 29, 22, 17, 26, 16, 30, 21, 37, 37, 44]
 [0, 0, 4, 0, 4, 2, 8, 6, 13, 13, 6, 17, 21, 26, 10, 13, 24, 14, 29, 16, 23, 22, 37, 24, 18, 30, 21, 37, 26, 44, 38, 44]
 [10, 10, 10, 10, 12, 12, 12, 12, 5, 5, 9, 9, 9, 6, 5, 5, 5, 9, 4, 4, 4, 7, 10, 7, 0, 0, 9, 9, 9, 5, 5, 5, 5, 5, 5, 5, 5, 9, 0, 0, 0, 0, 0, 0]
 [12, 12, 4, 4, 13, 13, 3, 3, 11, 11, 8, 8, 8, 8, 8, 8, 6, 6, 6, 6, 6, 12, 10, 10, 10, 10, 8, 8, 8, 8, 7, 7, 7, 7, 7, 7, 7, 1, 1, 1, 1, 1, 1, 1]




disrution_start: 3 disruption_end 5
[1, 2, 4] [3, 6] [] [5, 7, 8, 9, 10, 11, 12, 13, 14, 15, 16, 17, 18, 19, 20, 21, 22, 23, 24, 25, 26, 27, 28, 29, 30, 31, 32]
reschedul_list [5, 7, 8, 9, 10, 11, 12, 13, 14, 15, 16, 17, 18, 19, 20, 21, 22, 23, 24, 25, 26, 27, 28, 29, 30, 31, 32, 3, 6]
min(exceed_resource) 30
group: [22, 8]
[3, 1, 3, 1, 1, 3, 2, 1, 1, 1, 3, 2, 1, 1, 2, 1, 2, 3, 1, 1, 1, 1, 1, 2, 1, 3, 1, 2, 1]
[6, 3, 5, 8, 9, 12, 7, 25, 10, 11, 13, 20, 22, 15, 18, 16, 24, 27, 14, 19, 21, 29, 23, 26, 28, 17, 31, 30, 32]
[0, 0, 0, 0, 0, 0, 3, 3, 3, 7, 0, 12, 14, 22, 5, 7, 22, 9, 27, 12, 14, 22, 30, 23, 16, 27, 17, 31, 22, 36, 32, 42]
[0, 0, 3, 0, 1, 1, 7, 5, 12, 14, 6, 16, 22, 27, 9, 12, 25, 14, 30, 17, 23, 23, 36, 25, 17, 31, 22, 32, 29, 42, 37, 42]
------------------------我是分割线--------------------------------
[0, 0, 0, 0, 0, 0, 3, 3, 3, 7, 0, 12, 14, 22, 5, 7, 22, 9, 27, 12, 14, 22, 30, 23, 16, 27, 17, 31, 22, 36, 32, 42]
 [0, 0, 3, 0, 1, 1, 7, 5, 12, 14, 6, 16, 22, 27, 9, 12, 25, 14, 30, 17, 23, 23, 36, 25, 17, 31, 22, 32, 29, 42, 37, 42]
 [4, 4, 4, 12, 12, 12, 12, 7, 7, 7, 7, 7, 5, 5, 6, 6, 10, 5, 5, 5, 5, 5, 8, 7, 7, 0, 0, 9, 9, 9, 0, 0, 2, 2, 2, 2, 2, 0, 0, 0, 0, 0]
 [14, 4, 4, 13, 13, 7, 3, 8, 8, 14, 14, 14, 14, 14, 5, 5, 5, 6, 6, 6, 6, 6, 9, 7, 7, 7, 7, 12, 12, 8, 12, 13, 4, 4, 4, 4, 3, 3, 3, 3, 3, 3]



disrution_start: 4 disruption_end 6
[1, 2, 4, 6] [3] [] [5, 7, 8, 9, 10, 11, 12, 13, 14, 15, 16, 17, 18, 19, 20, 21, 22, 23, 24, 25, 26, 27, 28, 29, 30, 31, 32]
reschedul_list [5, 7, 8, 9, 10, 11, 12, 13, 14, 15, 16, 17, 18, 19, 20, 21, 22, 23, 24, 25, 26, 27, 28, 29, 30, 31, 32, 3]

min(exceed_resource) 26
group: [18, 8]
[1, 1, 1, 1, 3, 1, 3, 1, 3, 3, 2, 2, 1, 1, 1, 1, 3, 1, 1, 1, 2, 1, 2, 2, 3, 1, 2, 1]
[3, 5, 11, 7, 9, 16, 12, 25, 10, 20, 8, 13, 15, 18, 27, 22, 21, 29, 17, 14, 19, 24, 26, 28, 31, 23, 30, 32]
[0, 0, 0, 0, 0, 0, 2, 2, 2, 6, 0, 11, 11, 20, 4, 6, 20, 8, 25, 11, 12, 20, 28, 21, 15, 25, 14, 29, 19, 34, 30, 40]
[0, 0, 2, 0, 1, 0, 6, 4, 11, 11, 10, 15, 20, 25, 8, 11, 23, 12, 28, 14, 21, 21, 34, 23, 17, 29, 19, 30, 26, 40, 35, 40]
------------------------我是分割线--------------------------------
[0, 0, 0, 0, 0, 0, 2, 2, 2, 6, 0, 11, 11, 20, 4, 6, 20, 8, 25, 11, 12, 20, 28, 21, 15, 25, 14, 29, 19, 34, 30, 40]
 [0, 0, 2, 0, 1, 0, 6, 4, 11, 11, 10, 15, 20, 25, 8, 11, 23, 12, 28, 14, 21, 21, 34, 23, 17, 29, 19, 30, 26, 40, 35, 40]
 [7, 7, 12, 12, 12, 12, 5, 5, 9, 9, 9, 5, 5, 5, 5, 4, 4, 4, 4, 4, 8, 7, 7, 0, 0, 9, 9, 9, 0, 4, 2, 2, 2, 2, 2, 0, 0, 0, 0, 0]
 [6, 2, 11, 11, 5, 5, 13, 13, 10, 10, 8, 13, 13, 13, 11, 13, 13, 11, 11, 9, 9, 7, 7, 7, 7, 12, 8, 8, 12, 4, 4, 4, 4, 4, 3, 3, 3, 3, 3, 3]




disrution_start: 5 disruption_end 7
[1, 2, 4, 6] [3] [5, 8] [7, 9, 10, 11, 12, 13, 14, 15, 16, 17, 18, 19, 20, 21, 22, 23, 24, 25, 26, 27, 28, 29, 30, 31, 32]
reschedul_list [5, 8, 7, 9, 10, 11, 12, 13, 14, 15, 16, 17, 18, 19, 20, 21, 22, 23, 24, 25, 26, 27, 28, 29, 30, 31, 32, 3]

 min(exceed_resource) 26
group: [18, 8]
[1, 1, 1, 1, 3, 1, 3, 1, 1, 2, 2, 2, 1, 1, 1, 2, 2, 1, 1, 1, 2, 1, 1, 1, 3, 1, 1, 1]
[11, 5, 3, 9, 12, 7, 8, 15, 20, 25, 16, 18, 10, 27, 29, 13, 22, 21, 17, 14, 19, 26, 24, 23, 28, 30, 31, 32]
[0, 0, 0, 0, 0, 0, 1, 1, 1, 5, 0, 10, 10, 18, 3, 5, 18, 7, 22, 10, 11, 18, 25, 19, 14, 22, 15, 26, 18, 31, 27, 37]
[0, 0, 1, 0, 1, 0, 5, 3, 10, 10, 10, 14, 18, 22, 7, 10, 21, 11, 25, 15, 20, 19, 31, 21, 16, 26, 18, 27, 25, 37, 28, 37]
------------------------我是分割线--------------------------------
[0, 0, 0, 0, 0, 0, 1, 1, 1, 5, 0, 10, 10, 18, 3, 5, 18, 7, 22, 10, 11, 18, 25, 19, 14, 22, 15, 26, 18, 31, 27, 37]
 [0, 0, 1, 0, 1, 0, 5, 3, 10, 10, 10, 14, 18, 22, 7, 10, 21, 11, 25, 15, 20, 19, 31, 21, 16, 26, 18, 27, 25, 37, 28, 37]
 [7, 12, 12, 12, 12, 5, 5, 9, 9, 9, 6, 5, 5, 5, 4, 10, 10, 10, 7, 10, 7, 0, 9, 9, 9, 0, 0, 9, 0, 0, 0, 0, 0, 0, 0, 0, 0]
 [6, 11, 11, 5, 5, 13, 13, 10, 10, 10, 5, 5, 5, 5, 7, 2, 0, 0, 11, 9, 9, 9, 12, 12, 12, 12, 13, 4, 4, 4, 4, 3, 3, 3, 3, 3, 3]





disrution_start: 6 disruption_end 8
[1, 2, 3, 4, 6] [] [5, 8] [7, 9, 10, 11, 12, 13, 14, 15, 16, 17, 18, 19, 20, 21, 22, 23, 24, 25, 26, 27, 28, 29, 30, 31, 32]
reschedul_list [5, 8, 7, 9, 10, 11, 12, 13, 14, 15, 16, 17, 18, 19, 20, 21, 22, 23, 24, 25, 26, 27, 28, 29, 30, 31, 32]
min(exceed_resource) 23
group: [14, 9]
[1, 1, 1, 3, 1, 3, 1, 3, 2, 2, 2, 1, 1, 1, 2, 2, 1, 1, 1, 3, 1, 1, 1, 2, 1, 2, 1]
[8, 7, 9, 5, 20, 11, 16, 12, 10, 25, 13, 15, 14, 18, 21, 19, 17, 22, 26, 27, 29, 24, 23, 30, 28, 31, 32]
[0, 0, 0, 0, 0, 0, 0, 0, 0, 4, 0, 9, 9, 18, 2, 4, 18, 6, 22, 9, 10, 18, 25, 19, 13, 22, 14, 26, 17, 31, 27, 37]
[0, 0, 0, 0, 1, 0, 4, 2, 9, 9, 10, 13, 18, 22, 6, 9, 21, 10, 25, 14, 19, 19, 31, 21, 17, 26, 17, 27, 22, 37, 32, 37]
------------------------我是分割线--------------------------------
[0, 0, 0, 0, 0, 0, 0, 0, 0, 4, 0, 9, 9, 18, 2, 4, 18, 6, 22, 9, 10, 18, 25, 19, 13, 22, 14, 26, 17, 31, 27, 37]
 [0, 0, 0, 0, 1, 0, 4, 2, 9, 9, 10, 13, 18, 22, 6, 9, 21, 10, 25, 14, 19, 19, 31, 21, 17, 26, 17, 27, 22, 37, 32, 37]
 [12, 12, 12, 12, 5, 5, 9, 9, 9, 5, 4, 4, 4, 3, 9, 9, 9, 3, 7, 7, 7, 0, 9, 9, 9, 0, 0, 2, 2, 2, 2, 2, 0, 0, 0, 0, 0]
 [15, 11, 5, 5, 13, 13, 10, 10, 10, 12, 10, 10, 10, 11, 6, 6, 6, 12, 14, 12, 12, 12, 8, 8, 8, 12, 13, 4, 4, 4, 4, 3, 3, 3, 3, 3, 3]




disrution_start: 7 disruption_end 9
[1, 2, 3, 4, 6] [5, 8] [7, 15] [9, 10, 11, 12, 13, 14, 16, 17, 18, 19, 20, 21, 22, 23, 24, 25, 26, 27, 28, 29, 30, 31, 32]
reschedul_list [7, 15, 9, 10, 11, 12, 13, 14, 16, 17, 18, 19, 20, 21, 22, 23, 24, 25, 26, 27, 28, 29, 30, 31, 32, 5, 8]
min(exceed_resource) 17
group: [14, 3]
[1, 2, 2, 3, 1, 3, 1, 1, 1, 1, 2, 1, 1, 1, 2, 2, 1, 1, 1, 2, 1, 1, 1, 3, 1, 1, 1]
[8, 5, 15, 9, 20, 11, 7, 12, 10, 13, 16, 18, 21, 27, 25, 29, 17, 14, 19, 22, 23, 26, 30, 24, 28, 31, 32]
[0, 0, 0, 0, 0, 0, 0, 0, 0, 5, 0, 9, 10, 18, 1, 5, 18, 4, 21, 9, 10, 18, 24, 19, 13, 21, 14, 25, 17, 30, 26, 36]
[0, 0, 0, 0, 1, 0, 5, 1, 9, 10, 10, 13, 18, 21, 4, 10, 21, 8, 24, 14, 19, 19, 30, 21, 15, 25, 17, 26, 24, 36, 27, 36]
------------------------我是分割线--------------------------------
[0, 0, 0, 0, 0, 0, 0, 0, 0, 5, 0, 9, 10, 18, 1, 5, 18, 4, 21, 9, 10, 18, 24, 19, 13, 21, 14, 25, 17, 30, 26, 36]
 [0, 0, 0, 0, 1, 0, 5, 1, 9, 10, 10, 13, 18, 21, 4, 10, 21, 8, 24, 14, 19, 19, 30, 21, 15, 25, 17, 26, 24, 36, 27, 36]
 [7, 8, 8, 8, 7, 9, 9, 9, 5, 3, 5, 5, 5, 4, 10, 10, 10, 4, 7, 7, 7, 9, 9, 9, 0, 0, 9, 0, 0, 0, 0, 0, 0, 0, 0, 0]
 [16, 12, 12, 12, 12, 10, 10, 10, 10, 15, 5, 5, 5, 7, 2, 0, 0, 4, 13, 11, 11, 12, 12, 12, 12, 13, 4, 4, 4, 4, 3, 3, 3, 3, 3, 3]




disrution_start: 8 disruption_end 10
[1, 2, 3, 4, 6, 8] [5] [7, 15] [9, 10, 11, 12, 13, 14, 16, 17, 18, 19, 20, 21, 22, 23, 24, 25, 26, 27, 28, 29, 30, 31, 32]
reschedul_list [7, 15, 9, 10, 11, 12, 13, 14, 16, 17, 18, 19, 20, 21, 22, 23, 24, 25, 26, 27, 28, 29, 30, 31, 32, 5]
min(exceed_resource) 26
group: [17, 9]
[1, 1, 1, 1, 3, 3, 1, 3, 2, 2, 1, 1, 1, 3, 1, 1, 1, 1, 1, 1, 1, 1, 2, 1, 2, 1]
[7, 16, 9, 5, 10, 12, 20, 15, 18, 11, 27, 13, 14, 21, 22, 24, 25, 19, 26, 29, 17, 28, 23, 30, 31, 32]
[0, 0, 0, 0, 0, 0, 0, 0, 0, 4, 0, 5, 9, 17, 0, 4, 17, 4, 22, 5, 9, 17, 25, 18, 11, 22, 13, 26, 16, 31, 27, 37]
[0, 0, 0, 0, 1, 0, 4, 0, 5, 9, 10, 11, 17, 22, 4, 9, 20, 8, 25, 13, 17, 18, 31, 20, 12, 26, 16, 27, 21, 37, 32, 37]
------------------------我是分割线--------------------------------
[0, 0, 0, 0, 0, 0, 0, 0, 0, 4, 0, 5, 9, 17, 0, 4, 17, 4, 22, 5, 9, 17, 25, 18, 11, 22, 13, 26, 16, 31, 27, 37]
 [0, 0, 0, 0, 1, 0, 4, 0, 5, 9, 10, 11, 17, 22, 4, 9, 20, 8, 25, 13, 17, 18, 31, 20, 12, 26, 16, 27, 21, 37, 32, 37]
 [9, 9, 9, 9, 6, 6, 6, 6, 2, 1, 1, 6, 1, 7, 7, 7, 1, 4, 7, 7, 0, 0, 9, 9, 9, 0, 0, 2, 2, 2, 2, 2, 0, 0, 0, 0, 0]
 [18, 14, 14, 14, 19, 14, 14, 14, 14, 13, 11, 9, 9, 7, 7, 7, 14, 12, 10, 10, 10, 3, 8, 8, 8, 12, 13, 4, 4, 4, 4, 3, 3, 3, 3, 3, 3]





disrution_start: 9 disruption_end 11
[1, 2, 3, 4, 6, 8] [5, 7, 15] [] [9, 10, 11, 12, 13, 14, 16, 17, 18, 19, 20, 21, 22, 23, 24, 25, 26, 27, 28, 29, 30, 31, 32]
reschedul_list [9, 10, 11, 12, 13, 14, 16, 17, 18, 19, 20, 21, 22, 23, 24, 25, 26, 27, 28, 29, 30, 31, 32, 5, 7, 15]
min(exceed_resource) 38
group: [26, 12]
[1, 1, 1, 1, 3, 1, 1, 2, 2, 2, 1, 1, 1, 3, 1, 1, 1, 1, 3, 1, 1, 3, 3, 1, 1, 1]
[5, 7, 15, 18, 9, 20, 11, 16, 10, 13, 12, 14, 19, 22, 21, 26, 25, 23, 17, 24, 30, 28, 31, 27, 29, 32]
[0, 0, 0, 0, 0, 0, 0, 0, 0, 4, 0, 5, 9, 17, 0, 4, 17, 3, 21, 5, 9, 17, 24, 18, 9, 21, 13, 25, 16, 30, 32, 36]
[0, 0, 0, 0, 1, 0, 4, 0, 5, 9, 10, 9, 17, 21, 3, 9, 20, 7, 24, 13, 17, 18, 30, 20, 13, 25, 16, 32, 23, 36, 33, 36]
------------------------我是分割线--------------------------------
[0, 0, 0, 0, 0, 0, 0, 0, 0, 4, 0, 5, 9, 17, 0, 4, 17, 3, 21, 5, 9, 17, 24, 18, 9, 21, 13, 25, 16, 30, 32, 36]
 [0, 0, 0, 0, 1, 0, 4, 0, 5, 9, 10, 9, 17, 21, 3, 9, 20, 7, 24, 13, 17, 18, 30, 20, 13, 25, 16, 32, 23, 36, 33, 36]
 [9, 9, 9, 13, 6, 7, 7, 3, 3, 1, 1, 1, 1, 7, 7, 7, 1, 4, 7, 7, 0, 9, 9, 9, 0, 0, 0, 0, 0, 0, 0, 0, 9, 0, 0, 0]
 [18, 14, 14, 11, 19, 12, 12, 12, 12, 12, 10, 10, 10, 7, 7, 7, 11, 11, 9, 9, 9, 12, 12, 8, 12, 11, 11, 11, 11, 11, 10, 10, 3, 3, 3, 3]





disrution_start: 10 disruption_end 12
[1, 2, 3, 4, 5, 6, 8] [7, 15] [] [9, 10, 11, 12, 13, 14, 16, 17, 18, 19, 20, 21, 22, 23, 24, 25, 26, 27, 28, 29, 30, 31, 32]
reschedul_list [9, 10, 11, 12, 13, 14, 16, 17, 18, 19, 20, 21, 22, 23, 24, 25, 26, 27, 28, 29, 30, 31, 32, 7, 15]
min(exceed_resource) 53
group: [38, 15]
[1, 1, 1, 3, 1, 1, 1, 2, 2, 1, 1, 1, 2, 1, 1, 1, 1, 1, 1, 1, 1, 1, 1, 1, 1]
[11, 7, 9, 10, 13, 20, 22, 16, 15, 18, 21, 14, 12, 19, 23, 25, 17, 26, 30, 27, 24, 29, 28, 31, 32]
[0, 0, 0, 0, 0, 0, 0, 0, 0, 4, 0, 5, 9, 17, 0, 4, 17, 2, 20, 5, 9, 17, 23, 18, 9, 20, 10, 24, 13, 29, 25, 35]
[0, 0, 0, 0, 0, 0, 4, 0, 5, 9, 10, 9, 17, 20, 2, 9, 20, 6, 23, 10, 17, 18, 29, 20, 10, 24, 13, 25, 16, 35, 26, 35]
------------------------我是分割线--------------------------------
[0, 0, 0, 0, 0, 0, 0, 0, 0, 4, 0, 5, 9, 17, 0, 4, 17, 2, 20, 5, 9, 17, 23, 18, 9, 20, 10, 24, 13, 29, 25, 35]
 [0, 0, 0, 0, 0, 0, 4, 0, 5, 9, 10, 9, 17, 20, 2, 9, 20, 6, 23, 10, 17, 18, 29, 20, 10, 24, 13, 25, 16, 35, 26, 35]
 [9, 9, 13, 13, 6, 7, 3, 3, 3, 6, 7, 7, 7, 10, 10, 10, 1, 4, 7, 7, 9, 9, 9, 0, 0, 9, 0, 0, 0, 0, 0, 0, 0, 0, 0]
 [14, 14, 11, 11, 19, 15, 15, 15, 15, 14, 7, 7, 7, 7, 7, 7, 7, 9, 7, 7, 8, 8, 8, 12, 13, 4, 4, 4, 4, 3, 3, 3, 3, 3, 3]


disrution_start: 11 disruption_end 13
[1, 2, 3, 4, 5, 6, 8] [7, 15] [18] [9, 10, 11, 12, 13, 14, 16, 17, 19, 20, 21, 22, 23, 24, 25, 26, 27, 28, 29, 30, 31, 32]
reschedul_list [18, 9, 10, 11, 12, 13, 14, 16, 17, 19, 20, 21, 22, 23, 24, 25, 26, 27, 28, 29, 30, 31, 32, 7, 15]
min(exceed_resource) 76
group: [58, 18]
[1, 1, 1, 3, 1, 1, 1, 2, 2, 1, 1, 1, 2, 1, 1, 1, 1, 1, 1, 1, 3, 1, 1, 1, 1]
[7, 15, 11, 9, 16, 10, 18, 20, 21, 12, 25, 13, 22, 14, 19, 24, 26, 28, 17, 27, 31, 23, 29, 30, 32]
[0, 0, 0, 0, 0, 0, 0, 0, 0, 4, 0, 5, 9, 17, 0, 4, 17, 1, 20, 5, 9, 17, 23, 18, 9, 20, 10, 24, 13, 29, 31, 35]
[0, 0, 0, 0, 0, 0, 4, 0, 5, 9, 10, 9, 17, 20, 1, 9, 20, 5, 23, 10, 17, 18, 29, 20, 10, 24, 13, 31, 16, 35, 32, 35]
------------------------我是分割线--------------------------------
[0, 0, 0, 0, 0, 0, 0, 0, 0, 4, 0, 5, 9, 17, 0, 4, 17, 1, 20, 5, 9, 17, 23, 18, 9, 20, 10, 24, 13, 29, 31, 35]
 [0, 0, 0, 0, 0, 0, 4, 0, 5, 9, 10, 9, 17, 20, 1, 9, 20, 5, 23, 10, 17, 18, 29, 20, 10, 24, 13, 31, 16, 35, 32, 35]
 [9, 13, 13, 13, 6, 3, 3, 3, 3, 6, 7, 7, 7, 10, 10, 10, 1, 4, 7, 7, 9, 9, 9, 0, 0, 0, 0, 0, 0, 0, 0, 9, 0, 0, 0]
 [14, 11, 11, 11, 19, 15, 15, 15, 15, 14, 7, 7, 7, 7, 7, 7, 7, 9, 7, 7, 8, 8, 8, 12, 11, 11, 11, 11, 11, 10, 10, 3, 3, 3, 3]


disrution_start: 12 disruption_end 14
[1, 2, 3, 4, 5, 6, 8, 15] [7] [9, 10, 11, 18] [12, 13, 14, 16, 17, 19, 20, 21, 22, 23, 24, 25, 26, 27, 28, 29, 30, 31, 32]
reschedul_list [9, 10, 11, 18, 12, 13, 14, 16, 17, 19, 20, 21, 22, 23, 24, 25, 26, 27, 28, 29, 30, 31, 32, 7]
min(exceed_resource) 117
group: [95, 22]
[1, 1, 1, 1, 1, 1, 1, 2, 1, 1, 1, 2, 1, 1, 1, 1, 1, 1, 1, 1, 1, 1, 1, 1]
[9, 12, 11, 7, 10, 13, 20, 14, 25, 18, 27, 22, 29, 21, 26, 16, 17, 24, 28, 19, 23, 30, 31, 32]
[0, 0, 0, 0, 0, 0, 0, 0, 0, 4, 0, 5, 9, 17, 0, 4, 17, 0, 20, 5, 9, 17, 23, 18, 9, 20, 10, 24, 13, 29, 25, 35]
[0, 0, 0, 0, 0, 0, 4, 0, 5, 9, 6, 9, 17, 20, 0, 9, 20, 4, 23, 10, 17, 18, 29, 20, 10, 24, 13, 25, 16, 35, 26, 35]
------------------------我是分割线--------------------------------
[0, 0, 0, 0, 0, 0, 0, 0, 0, 4, 0, 5, 9, 17, 0, 4, 17, 0, 20, 5, 9, 17, 23, 18, 9, 20, 10, 24, 13, 29, 25, 35]
 [0, 0, 0, 0, 0, 0, 4, 0, 5, 9, 6, 9, 17, 20, 0, 9, 20, 4, 23, 10, 17, 18, 29, 20, 10, 24, 13, 25, 16, 35, 26, 35]
 [13, 13, 13, 13, 2, 3, 3, 3, 3, 6, 7, 7, 7, 10, 10, 10, 1, 4, 7, 7, 9, 9, 9, 0, 0, 9, 0, 0, 0, 0, 0, 0, 0, 0, 0]
 [13, 13, 13, 13, 21, 17, 13, 13, 13, 12, 7, 7, 7, 7, 7, 7, 7, 9, 7, 7, 8, 8, 8, 12, 13, 4, 4, 4, 4, 3, 3, 3, 3, 3, 3]




disrution_start: 13 disruption_end 15
[1, 2, 3, 4, 5, 6, 7, 8, 15] [18] [9, 10, 11] [12, 13, 14, 16, 17, 19, 20, 21, 22, 23, 24, 25, 26, 27, 28, 29, 30, 31, 32]
reschedul_list [9, 10, 11, 12, 13, 14, 16, 17, 19, 20, 21, 22, 23, 24, 25, 26, 27, 28, 29, 30, 31, 32, 18]
min(exceed_resource) 42
group: [16, 26]
[1, 1, 2, 1, 1, 3, 2, 1, 1, 1, 1, 1, 1, 1, 1, 2, 1, 1, 1, 2, 2, 1, 1]
[10, 13, 11, 18, 9, 20, 22, 14, 16, 12, 24, 17, 27, 21, 19, 26, 28, 23, 31, 30, 25, 29, 32]
[0, 0, 0, 0, 0, 0, 0, 0, 0, 0, 0, 5, 5, 13, 0, 0, 13, 0, 18, 5, 5, 13, 21, 14, 9, 18, 8, 22, 11, 27, 23, 34]
[0, 0, 0, 0, 0, 0, 0, 0, 5, 5, 8, 9, 13, 18, 0, 5, 16, 4, 21, 8, 13, 14, 27, 16, 11, 22, 11, 23, 16, 34, 24, 34]
------------------------我是分割线--------------------------------
[0, 0, 0, 0, 0, 0, 0, 0, 0, 0, 0, 5, 5, 13, 0, 0, 13, 0, 18, 5, 5, 13, 21, 14, 9, 18, 8, 22, 11, 27, 23, 34]
 [0, 0, 0, 0, 0, 0, 0, 0, 5, 5, 8, 9, 13, 18, 0, 5, 16, 4, 21, 8, 13, 14, 27, 16, 11, 22, 11, 23, 16, 34, 24, 34]
 [12, 12, 12, 12, 8, 8, 8, 8, 8, 7, 7, 1, 1, 4, 7, 7, 0, 0, 9, 9, 9, 0, 0, 9, 0, 0, 0, 0, 0, 0, 0, 0, 0, 0]
 [17, 17, 17, 17, 17, 15, 15, 15, 7, 9, 9, 14, 14, 12, 10, 10, 3, 3, 8, 8, 8, 12, 13, 4, 4, 4, 4, 1, 1, 1, 1, 1, 1, 1]


 disrution_start: 14 disruption_end 16
[1, 2, 3, 4, 5, 6, 7, 8, 15] [9, 10, 11, 18] [] [12, 13, 14, 16, 17, 19, 20, 21, 22, 23, 24, 25, 26, 27, 28, 29, 30, 31, 32]
reschedul_list [12, 13, 14, 16, 17, 19, 20, 21, 22, 23, 24, 25, 26, 27, 28, 29, 30, 31, 32, 9, 10, 11, 18]
 min(exceed_resource) 64
group: [62, 2]
[1, 2, 3, 1, 2, 1, 2, 1, 1, 1, 1, 2, 1, 1, 1, 1, 1, 2, 1, 3, 2, 1, 1]
[18, 11, 10, 21, 13, 16, 14, 9, 22, 19, 20, 23, 27, 17, 12, 25, 24, 26, 30, 29, 28, 31, 32]
[0, 0, 0, 0, 0, 0, 0, 0, 0, 0, 0, 5, 6, 14, 0, 0, 14, 0, 17, 5, 6, 14, 20, 15, 9, 17, 9, 21, 14, 26, 22, 33]
[0, 0, 0, 0, 0, 0, 0, 0, 5, 6, 9, 9, 14, 17, 0, 5, 17, 4, 20, 8, 15, 15, 26, 17, 10, 21, 14, 22, 21, 33, 23, 33]
------------------------我是分割线--------------------------------
[0, 0, 0, 0, 0, 0, 0, 0, 0, 0, 0, 5, 6, 14, 0, 0, 14, 0, 17, 5, 6, 14, 20, 15, 9, 17, 9, 21, 14, 26, 22, 33]
 [0, 0, 0, 0, 0, 0, 0, 0, 5, 6, 9, 9, 14, 17, 0, 5, 17, 4, 20, 8, 15, 15, 26, 17, 10, 21, 14, 22, 21, 33, 23, 33]
 [10, 10, 10, 10, 6, 5, 5, 5, 5, 9, 4, 4, 4, 4, 7, 7, 7, 9, 9, 9, 0, 0, 9, 0, 0, 0, 0, 0, 0, 0, 0, 0, 0]
 [11, 11, 11, 11, 11, 10, 10, 10, 2, 6, 6, 6, 6, 6, 13, 11, 11, 12, 12, 12, 16, 13, 4, 4, 4, 4, 1, 1, 1, 1, 1, 1, 1]


 disrution_start: 15 disruption_end 17
[1, 2, 3, 4, 5, 6, 7, 8, 15] [9, 10, 11, 18] [] [12, 13, 14, 16, 17, 19, 20, 21, 22, 23, 24, 25, 26, 27, 28, 29, 30, 31, 32]
reschedul_list [12, 13, 14, 16, 17, 19, 20, 21, 22, 23, 24, 25, 26, 27, 28, 29, 30, 31, 32, 9, 10, 11, 18]
 min(exceed_resource) 79
group: [77, 2]
[1, 2, 3, 1, 2, 1, 2, 1, 1, 1, 1, 2, 1, 1, 1, 1, 1, 2, 1, 3, 1, 1, 1]
[16, 9, 18, 12, 11, 20, 27, 10, 25, 21, 29, 13, 22, 14, 17, 19, 24, 23, 26, 28, 30, 31, 32]
[0, 0, 0, 0, 0, 0, 0, 0, 0, 0, 0, 5, 5, 13, 0, 0, 13, 0, 16, 5, 5, 13, 19, 14, 9, 16, 8, 20, 13, 25, 21, 31]
[0, 0, 0, 0, 0, 0, 0, 0, 5, 5, 8, 9, 13, 16, 0, 5, 16, 4, 19, 8, 14, 14, 25, 16, 10, 20, 13, 21, 20, 31, 22, 31]
------------------------我是分割线--------------------------------
[0, 0, 0, 0, 0, 0, 0, 0, 0, 0, 0, 5, 5, 13, 0, 0, 13, 0, 16, 5, 5, 13, 19, 14, 9, 16, 8, 20, 13, 25, 21, 31]
 [0, 0, 0, 0, 0, 0, 0, 0, 5, 5, 8, 9, 13, 16, 0, 5, 16, 4, 19, 8, 14, 14, 25, 16, 10, 20, 13, 21, 20, 31, 22, 31]
 [10, 10, 10, 10, 6, 5, 5, 5, 5, 9, 4, 4, 4, 7, 7, 7, 9, 9, 9, 0, 0, 9, 0, 0, 0, 0, 0, 0, 0, 0, 0]
 [11, 11, 11, 11, 11, 10, 10, 10, 6, 6, 6, 6, 6, 13, 11, 11, 12, 12, 12, 16, 13, 4, 4, 4, 4, 3, 3, 3, 3, 3, 3]


 disrution_start: 16 disruption_end 18
[1, 2, 3, 4, 5, 6, 7, 8, 15] [9, 10, 11, 18] [] [12, 13, 14, 16, 17, 19, 20, 21, 22, 23, 24, 25, 26, 27, 28, 29, 30, 31, 32]
reschedul_list [12, 13, 14, 16, 17, 19, 20, 21, 22, 23, 24, 25, 26, 27, 28, 29, 30, 31, 32, 9, 10, 11, 18]
min(exceed_resource) 95
group: [92, 3]
[1, 2, 3, 1, 1, 1, 2, 1, 1, 1, 1, 2, 1, 1, 1, 1, 1, 2, 2, 3, 2, 2, 1]
[18, 16, 10, 21, 9, 12, 25, 11, 13, 20, 17, 27, 29, 22, 24, 14, 26, 28, 19, 23, 31, 30, 32]
[0, 0, 0, 0, 0, 0, 0, 0, 0, 0, 0, 5, 4, 12, 0, 0, 12, 0, 15, 5, 4, 12, 18, 13, 9, 15, 8, 19, 13, 24, 20, 31]
[0, 0, 0, 0, 0, 0, 0, 0, 5, 4, 7, 9, 12, 15, 0, 5, 15, 4, 18, 8, 13, 13, 24, 15, 10, 19, 13, 20, 20, 31, 25, 31]
------------------------我是分割线--------------------------------
[0, 0, 0, 0, 0, 0, 0, 0, 0, 0, 0, 5, 4, 12, 0, 0, 12, 0, 15, 5, 4, 12, 18, 13, 9, 15, 8, 19, 13, 24, 20, 31]
 [0, 0, 0, 0, 0, 0, 0, 0, 5, 4, 7, 9, 12, 15, 0, 5, 15, 4, 18, 8, 13, 13, 24, 15, 10, 19, 13, 20, 20, 31, 25, 31]
 [10, 10, 10, 10, 6, 5, 5, 5, 5, 9, 4, 4, 7, 7, 7, 9, 9, 9, 0, 4, 2, 2, 2, 2, 2, 0, 0, 0, 0, 0, 0]
 [11, 11, 11, 11, 11, 10, 10, 8, 6, 6, 6, 6, 15, 11, 11, 12, 12, 12, 16, 8, 4, 4, 4, 4, 1, 1, 1, 1, 1, 1, 1]



disrution_start: 17 disruption_end 19
[1, 2, 3, 4, 5, 6, 7, 8, 15] [9, 10, 11, 18] [12, 16, 20] [13, 14, 17, 19, 21, 22, 23, 24, 25, 26, 27, 28, 29, 30, 31, 32]
reschedul_list [12, 16, 20, 13, 14, 17, 19, 21, 22, 23, 24, 25, 26, 27, 28, 29, 30, 31, 32, 9, 10, 11, 18]
min(exceed_resource) 115
group: [112, 3]
[1, 2, 1, 1, 1, 1, 2, 1, 1, 1, 1, 2, 1, 1, 1, 1, 1, 2, 2, 3, 1, 1, 1]
[11, 9, 16, 20, 10, 13, 14, 22, 18, 27, 12, 24, 17, 25, 29, 21, 19, 26, 23, 30, 28, 31, 32]
[0, 0, 0, 0, 0, 0, 0, 0, 0, 0, 0, 5, 3, 11, 0, 0, 11, 0, 14, 5, 4, 11, 17, 12, 9, 14, 8, 18, 13, 23, 19, 29]
[0, 0, 0, 0, 0, 0, 0, 0, 5, 3, 6, 9, 11, 14, 0, 5, 14, 4, 17, 8, 13, 12, 23, 14, 10, 18, 13, 19, 20, 29, 20, 29]
------------------------我是分割线--------------------------------
[0, 0, 0, 0, 0, 0, 0, 0, 0, 0, 0, 5, 3, 11, 0, 0, 11, 0, 14, 5, 4, 11, 17, 12, 9, 14, 8, 18, 13, 23, 19, 29]
 [0, 0, 0, 0, 0, 0, 0, 0, 5, 3, 6, 9, 11, 14, 0, 5, 14, 4, 17, 8, 13, 12, 23, 14, 10, 18, 13, 19, 20, 29, 20, 29]
 [10, 10, 10, 7, 6, 5, 5, 5, 5, 9, 4, 7, 10, 7, 9, 9, 9, 0, 4, 9, 0, 0, 0, 0, 0, 0, 0, 0, 0]
 [13, 13, 13, 13, 13, 12, 8, 8, 6, 6, 6, 15, 13, 11, 12, 12, 12, 16, 8, 8, 4, 4, 4, 3, 3, 3, 3, 3, 3]



disrution_start: 18 disruption_end 20
[1, 2, 3, 4, 5, 6, 7, 8, 9, 15] [10, 11, 18] [12, 16, 20] [13, 14, 17, 19, 21, 22, 23, 24, 25, 26, 27, 28, 29, 30, 31, 32]
reschedul_list [12, 16, 20, 13, 14, 17, 19, 21, 22, 23, 24, 25, 26, 27, 28, 29, 30, 31, 32, 10, 11, 18]
min(exceed_resource) 60
group: [60, 0]
[3, 3, 1, 2, 1, 3, 1, 1, 1, 1, 2, 1, 1, 1, 1, 1, 1, 3, 3, 1, 1, 1]
[11, 18, 10, 20, 13, 27, 21, 14, 12, 16, 19, 22, 26, 17, 25, 29, 23, 24, 30, 28, 31, 32]
[0, 0, 0, 0, 0, 0, 0, 0, 0, 0, 0, 0, 2, 10, 0, 0, 10, 0, 13, 0, 4, 10, 16, 11, 4, 13, 5, 17, 8, 22, 24, 28]
[0, 0, 0, 0, 0, 0, 0, 0, 0, 2, 5, 4, 10, 13, 0, 7, 13, 4, 16, 3, 13, 11, 22, 13, 5, 17, 8, 24, 15, 28, 25, 28]
------------------------我是分割线--------------------------------
[0, 0, 0, 0, 0, 0, 0, 0, 0, 0, 0, 0, 2, 10, 0, 0, 10, 0, 13, 0, 4, 10, 16, 11, 4, 13, 5, 17, 8, 22, 24, 28]
 [0, 0, 0, 0, 0, 0, 0, 0, 0, 2, 5, 4, 10, 13, 0, 7, 13, 4, 16, 3, 13, 11, 22, 13, 5, 17, 8, 24, 15, 28, 25, 28]
 [9, 9, 6, 6, 9, 10, 10, 10, 4, 4, 7, 10, 10, 9, 9, 9, 0, 0, 0, 0, 0, 0, 0, 0, 9, 0, 0, 0]
 [14, 14, 14, 6, 6, 4, 4, 0, 4, 4, 13, 11, 11, 12, 12, 8, 12, 11, 11, 11, 11, 11, 10, 10, 3, 3, 3, 3]



disrution_start: 19 disruption_end 21
[1, 2, 3, 4, 5, 6, 7, 8, 9, 15] [10, 11, 12, 16, 18, 20] [13, 21] [14, 17, 19, 22, 23, 24, 25, 26, 27, 28, 29, 30, 31, 32]
reschedul_list [13, 21, 14, 17, 19, 22, 23, 24, 25, 26, 27, 28, 29, 30, 31, 32, 10, 11, 12, 16, 18, 20]
min(exceed_resource) 71
group: [66, 5]
[3, 1, 3, 1, 1, 2, 1, 1, 1, 3, 1, 1, 1, 1, 2, 1, 1, 3, 1, 1, 3, 1]
[11, 12, 10, 20, 18, 16, 27, 21, 25, 29, 13, 14, 19, 17, 22, 24, 23, 26, 30, 28, 31, 32]
[0, 0, 0, 0, 0, 0, 0, 0, 0, 0, 0, 0, 1, 9, 0, 0, 9, 0, 12, 0, 4, 9, 15, 10, 3, 12, 4, 16, 7, 21, 23, 28]
[0, 0, 0, 0, 0, 0, 0, 0, 0, 1, 4, 3, 9, 12, 0, 6, 12, 4, 15, 4, 12, 10, 21, 12, 5, 16, 7, 23, 10, 27, 28, 28]
------------------------我是分割线--------------------------------
[0, 0, 0, 0, 0, 0, 0, 0, 0, 0, 0, 0, 1, 9, 0, 0, 9, 0, 12, 0, 4, 9, 15, 10, 3, 12, 4, 16, 7, 21, 23, 28]
 [0, 0, 0, 0, 0, 0, 0, 0, 0, 1, 4, 3, 9, 12, 0, 6, 12, 4, 15, 4, 12, 10, 21, 12, 5, 16, 7, 23, 10, 27, 28, 28]
 [10, 7, 7, 7, 9, 9, 7, 10, 10, 13, 7, 7, 9, 9, 9, 0, 0, 0, 0, 0, 0, 0, 0, 0, 0, 0, 0, 0]
 [8, 8, 8, 8, 9, 7, 7, 7, 7, 16, 14, 14, 8, 8, 8, 12, 11, 11, 11, 11, 11, 10, 10, 6, 6, 6, 6, 3]



disrution_start: 20 disruption_end 22
[1, 2, 3, 4, 5, 6, 7, 8, 9, 10, 15, 18] [11, 12, 16, 20] [13, 21] [14, 17, 19, 22, 23, 24, 25, 26, 27, 28, 29, 30, 31, 32]
reschedul_list [13, 21, 14, 17, 19, 22, 23, 24, 25, 26, 27, 28, 29, 30, 31, 32, 11, 12, 16, 20]
min(exceed_resource) 40
group: [40, 0]
[2, 1, 2, 1, 2, 1, 1, 2, 1, 1, 1, 1, 2, 1, 1, 1, 3, 1, 1, 1]
[11, 21, 13, 20, 22, 12, 14, 19, 25, 23, 16, 17, 24, 27, 26, 28, 30, 29, 31, 32]
[0, 0, 0, 0, 0, 0, 0, 0, 0, 0, 0, 0, 0, 8, 0, 0, 8, 0, 11, 0, 0, 8, 14, 9, 2, 11, 3, 15, 6, 20, 16, 26]
[0, 0, 0, 0, 0, 0, 0, 0, 0, 0, 3, 2, 8, 11, 0, 5, 11, 0, 14, 3, 8, 9, 20, 11, 4, 15, 6, 16, 13, 26, 17, 26]
------------------------我是分割线--------------------------------
[0, 0, 0, 0, 0, 0, 0, 0, 0, 0, 0, 0, 0, 8, 0, 0, 8, 0, 11, 0, 0, 8, 14, 9, 2, 11, 3, 15, 6, 20, 16, 26]
 [0, 0, 0, 0, 0, 0, 0, 0, 0, 0, 3, 2, 8, 11, 0, 5, 11, 0, 14, 3, 8, 9, 20, 11, 4, 15, 6, 16, 13, 26, 17, 26]
 [10, 10, 9, 9, 9, 7, 1, 1, 4, 7, 7, 9, 9, 9, 0, 0, 9, 0, 0, 0, 0, 0, 0, 0, 0, 0]
 [12, 12, 14, 9, 7, 7, 11, 11, 13, 11, 11, 12, 12, 8, 12, 13, 4, 4, 4, 4, 3, 3, 3, 3, 3, 3]





disrution_start: 21 disruption_end 23
[1, 2, 3, 4, 5, 6, 7, 8, 9, 10, 15, 18] [11, 12, 13, 16, 20, 21] [25] [14, 17, 19, 22, 23, 24, 26, 27, 28, 29, 30, 31, 32]
reschedul_list [25, 14, 17, 19, 22, 23, 24, 26, 27, 28, 29, 30, 31, 32, 11, 12, 13, 16, 20, 21]
min(exceed_resource) 44
group: [44, 0]
[1, 1, 1, 1, 3, 1, 1, 2, 2, 1, 1, 1, 1, 1, 1, 1, 3, 1, 1, 1]
[20, 21, 11, 16, 13, 12, 27, 14, 17, 22, 19, 25, 29, 23, 24, 26, 30, 28, 31, 32]
[0, 0, 0, 0, 0, 0, 0, 0, 0, 0, 0, 0, 0, 7, 0, 0, 7, 0, 10, 0, 0, 7, 13, 8, 1, 10, 2, 14, 5, 19, 15, 25]
[0, 0, 0, 0, 0, 0, 0, 0, 0, 0, 2, 1, 7, 10, 0, 4, 10, 0, 13, 2, 9, 8, 19, 10, 2, 14, 5, 15, 12, 25, 16, 25]
------------------------我是分割线--------------------------------
[0, 0, 0, 0, 0, 0, 0, 0, 0, 0, 0, 0, 0, 7, 0, 0, 7, 0, 10, 0, 0, 7, 13, 8, 1, 10, 2, 14, 5, 19, 15, 25]
 [0, 0, 0, 0, 0, 0, 0, 0, 0, 0, 2, 1, 7, 10, 0, 4, 10, 0, 13, 2, 9, 8, 19, 10, 2, 14, 5, 15, 12, 25, 16, 25]
 [5, 9, 10, 10, 10, 4, 4, 7, 10, 7, 9, 9, 9, 0, 0, 9, 0, 0, 0, 0, 0, 0, 0, 0, 0]
 [13, 13, 4, 4, 0, 4, 4, 13, 11, 11, 12, 12, 8, 12, 13, 4, 4, 4, 4, 3, 3, 3, 3, 3, 3]



disrution_start: 22 disruption_end 24
[1, 2, 3, 4, 5, 6, 7, 8, 9, 10, 12, 15, 18] [11, 13, 16, 20, 21] [25, 27] [14, 17, 19, 22, 23, 24, 26, 28, 29, 30, 31, 32]
reschedul_list [25, 27, 14, 17, 19, 22, 23, 24, 26, 28, 29, 30, 31, 32, 11, 13, 16, 20, 21]
min(exceed_resource) 36
group: [36, 0]
[2, 3, 1, 3, 1, 1, 3, 2, 1, 1, 1, 2, 1, 1, 2, 3, 2, 2, 1]
[21, 13, 11, 20, 27, 16, 25, 29, 17, 22, 24, 14, 26, 28, 19, 23, 30, 31, 32]
[0, 0, 0, 0, 0, 0, 0, 0, 0, 0, 0, 0, 0, 6, 0, 0, 6, 0, 9, 0, 0, 6, 12, 7, 0, 9, 1, 13, 4, 18, 14, 25]
[0, 0, 0, 0, 0, 0, 0, 0, 0, 0, 1, 0, 6, 9, 0, 3, 9, 0, 12, 1, 9, 7, 18, 9, 2, 13, 4, 14, 11, 25, 19, 25]
------------------------我是分割线--------------------------------
[0, 0, 0, 0, 0, 0, 0, 0, 0, 0, 0, 0, 0, 6, 0, 0, 6, 0, 9, 0, 0, 6, 12, 7, 0, 9, 1, 13, 4, 18, 14, 25]
 [0, 0, 0, 0, 0, 0, 0, 0, 0, 0, 1, 0, 6, 9, 0, 3, 9, 0, 12, 1, 9, 7, 18, 9, 2, 13, 4, 14, 11, 25, 19, 25]
 [9, 9, 9, 9, 3, 3, 7, 10, 10, 9, 9, 9, 0, 4, 2, 2, 2, 2, 2, 0, 0, 0, 0, 0, 0]
 [13, 11, 9, 5, 9, 9, 13, 11, 11, 12, 12, 8, 12, 4, 4, 4, 4, 4, 1, 1, 1, 1, 1, 1, 1]



disrution_start: 23 disruption_end 25
[1, 2, 3, 4, 5, 6, 7, 8, 9, 10, 11, 12, 15, 18, 20] [13, 16, 21, 25] [27] [14, 17, 19, 22, 23, 24, 26, 28, 29, 30, 31, 32]
reschedul_list [27, 14, 17, 19, 22, 23, 24, 26, 28, 29, 30, 31, 32, 13, 16, 21, 25]
min(exceed_resource) 33
group: [26, 7]
[1, 1, 1, 1, 1, 1, 1, 1, 1, 1, 1, 1, 1, 1, 1, 1, 1]
[13, 16, 14, 22, 17, 24, 25, 21, 26, 28, 27, 29, 19, 23, 30, 31, 32]
[0, 0, 0, 0, 0, 0, 0, 0, 0, 0, 0, 0, 0, 5, 0, 0, 5, 0, 8, 0, 0, 5, 11, 6, 0, 8, 0, 12, 3, 17, 13, 23]
[0, 0, 0, 0, 0, 0, 0, 0, 0, 0, 0, 0, 5, 8, 0, 2, 8, 0, 11, 0, 8, 6, 17, 8, 1, 12, 3, 13, 6, 23, 14, 23]
------------------------我是分割线--------------------------------
[0, 0, 0, 0, 0, 0, 0, 0, 0, 0, 0, 0, 0, 5, 0, 0, 5, 0, 8, 0, 0, 5, 11, 6, 0, 8, 0, 12, 3, 17, 13, 23]
 [0, 0, 0, 0, 0, 0, 0, 0, 0, 0, 0, 0, 5, 8, 0, 2, 8, 0, 11, 0, 8, 6, 17, 8, 1, 12, 3, 13, 6, 23, 14, 23]
 [12, 7, 7, 10, 10, 13, 7, 7, 9, 9, 9, 0, 0, 9, 0, 0, 0, 0, 0, 0, 0, 0, 0]
 [12, 12, 7, 7, 7, 16, 14, 14, 8, 8, 8, 12, 13, 4, 4, 4, 4, 3, 3, 3, 3, 3, 3]




 disrution_start: 24 disruption_end 26
[1, 2, 3, 4, 5, 6, 7, 8, 9, 10, 11, 12, 15, 18, 20] [13, 16, 21, 25, 27] [] [14, 17, 19, 22, 23, 24, 26, 28, 29, 30, 31, 32]
reschedul_list [14, 17, 19, 22, 23, 24, 26, 28, 29, 30, 31, 32, 13, 16, 21, 25, 27]
 exced_cost2 [64, 64, 65, 63, 62, 59, 63, 64, 60, 62, 62, 59, 59, 62, 60, 62, 59, 59, 63, 69, 60, 62, 59, 63, 59, 62, 59, 59, 62, 62, 59, 59, 60, 66, 59, 63, 60, 59, 62, 59, 59, 59, 65, 60, 62, 60, 65, 59, 63, 62, 59, 62, 63, 70, 59, 61, 64, 59, 59, 60, 73, 60, 61, 60, 59, 65, 63, 60, 61, 59, 63, 62, 62, 59, 60, 59, 62, 59, 60, 62, 62, 59, 59, 61, 65, 73, 64, 68, 60, 64, 59, 63, 62, 59, 65, 60, 60, 61, 62, 59]
min(exceed_resource) 59
group: [45, 14]
[1, 1, 3, 1, 1, 1, 1, 1, 1, 1, 1, 1, 2, 3, 1, 1, 1]
[16, 21, 27, 13, 17, 25, 14, 19, 22, 24, 23, 29, 26, 30, 28, 31, 32]
[0, 0, 0, 0, 0, 0, 0, 0, 0, 0, 0, 0, 0, 4, 0, 0, 4, 0, 7, 0, 0, 4, 10, 5, 0, 8, 0, 12, 7, 16, 13, 22]
[0, 0, 0, 0, 0, 0, 0, 0, 0, 0, 0, 0, 4, 7, 0, 1, 7, 0, 10, 0, 8, 5, 16, 7, 1, 12, 7, 13, 14, 22, 14, 22]
------------------------我是分割线--------------------------------
[0, 0, 0, 0, 0, 0, 0, 0, 0, 0, 0, 0, 0, 4, 0, 0, 4, 0, 7, 0, 0, 4, 10, 5, 0, 8, 0, 12, 7, 16, 13, 22]
 [0, 0, 0, 0, 0, 0, 0, 0, 0, 0, 0, 0, 4, 7, 0, 1, 7, 0, 10, 0, 8, 5, 16, 7, 1, 12, 7, 13, 14, 22, 14, 22]
 [12, 7, 7, 7, 10, 13, 13, 9, 9, 9, 0, 0, 4, 9, 0, 0, 0, 0, 0, 0, 0, 0]
 [11, 7, 7, 7, 16, 14, 14, 11, 12, 12, 16, 16, 8, 8, 4, 4, 3, 3, 3, 3, 3, 3]



 disrution_start: 25 disruption_end 27
[1, 2, 3, 4, 5, 6, 7, 8, 9, 10, 11, 12, 15, 16, 18, 20] [13, 21, 25, 27] [] [14, 17, 19, 22, 23, 24, 26, 28, 29, 30, 31, 32]
reschedul_list [14, 17, 19, 22, 23, 24, 26, 28, 29, 30, 31, 32, 13, 21, 25, 27]
完成一次初始化搜索
exced_cost2 [68, 78, 68, 72, 70, 69, 68, 70, 68, 70, 70, 70, 72, 68, 70, 68, 69, 68, 70, 71, 70, 71, 68, 72, 70, 68, 68, 71, 68, 70, 72, 70, 69, 71, 71, 71, 70, 70, 68, 70, 68, 68, 69, 70, 70, 70, 68, 68, 68, 69, 74, 70, 72, 70, 72, 70, 68, 68, 71, 71, 70, 71, 70, 68, 73, 70, 68, 71, 69, 70, 72, 71, 70, 76, 70, 68, 68, 69, 70, 73, 70, 71, 68, 68, 71, 71, 79, 70, 70, 70, 70, 68, 69, 71, 70, 69, 70, 68, 70, 69]
min(exceed_resource) 68
group: [53, 15]
[3, 1, 1, 1, 1, 1, 1, 1, 1, 1, 1, 2, 3, 2, 3, 1]
[13, 21, 17, 14, 22, 27, 26, 19, 23, 24, 28, 31, 30, 25, 29, 32]
[0, 0, 0, 0, 0, 0, 0, 0, 0, 0, 0, 0, 0, 3, 0, 0, 3, 0, 6, 0, 0, 3, 9, 4, 0, 8, 0, 12, 6, 15, 13, 22]
[0, 0, 0, 0, 0, 0, 0, 0, 0, 0, 0, 0, 3, 6, 0, 0, 6, 0, 9, 0, 8, 4, 15, 6, 1, 12, 6, 13, 13, 22, 18, 22]
------------------------我是分割线--------------------------------
[0, 0, 0, 0, 0, 0, 0, 0, 0, 0, 0, 0, 0, 3, 0, 0, 3, 0, 6, 0, 0, 3, 9, 4, 0, 8, 0, 12, 6, 15, 13, 22]
 [0, 0, 0, 0, 0, 0, 0, 0, 0, 0, 0, 0, 3, 6, 0, 0, 6, 0, 9, 0, 8, 4, 15, 6, 1, 12, 6, 13, 13, 22, 18, 22]
 [11, 6, 6, 10, 13, 13, 9, 9, 9, 0, 0, 0, 4, 0, 0, 0, 0, 0, 0, 0, 0, 0]
 [12, 12, 12, 16, 14, 14, 11, 11, 12, 16, 16, 16, 8, 7, 7, 4, 4, 4, 1, 1, 1, 1]





 disrution_start: 26 disruption_end 28
[1, 2, 3, 4, 5, 6, 7, 8, 9, 10, 11, 12, 15, 16, 18, 20, 25] [13, 21, 27] [] [14, 17, 19, 22, 23, 24, 26, 28, 29, 30, 31, 32]
reschedul_list [14, 17, 19, 22, 23, 24, 26, 28, 29, 30, 31, 32, 13, 21, 27]
exced_cost2 [69, 69, 74, 69, 69, 70, 69, 69, 69, 69, 69, 69, 69, 69, 69, 69, 69, 69, 69, 69, 69, 69, 69, 69, 69, 82, 69, 69, 69, 69, 70, 69, 69, 69, 69, 69, 69, 75, 69, 69, 69, 69, 69, 69, 70, 69, 69, 69, 75, 69, 69, 69, 69, 70, 69, 70, 69, 69, 69, 70, 69, 69, 69, 70, 69, 69, 69, 69, 69, 69, 69, 69, 69, 69, 69, 69, 69, 69, 69, 70, 69, 69, 79, 69, 69, 69, 69, 69, 69, 69, 69, 70, 69, 69, 69, 69, 69, 69, 69, 69]
min(exceed_resource) 69
group: [51, 18]
[1, 1, 1, 1, 1, 1, 1, 1, 1, 1, 1, 2, 1, 1, 1]
[13, 27, 21, 17, 22, 29, 24, 14, 26, 19, 28, 31, 23, 30, 32]
[0, 0, 0, 0, 0, 0, 0, 0, 0, 0, 0, 0, 0, 2, 0, 0, 2, 0, 5, 0, 0, 2, 8, 3, 0, 8, 0, 12, 5, 14, 13, 20]
[0, 0, 0, 0, 0, 0, 0, 0, 0, 0, 0, 0, 2, 5, 0, 0, 5, 0, 8, 0, 8, 3, 14, 5, 0, 12, 5, 13, 10, 20, 14, 20]
------------------------我是分割线--------------------------------
[0, 0, 0, 0, 0, 0, 0, 0, 0, 0, 0, 0, 0, 2, 0, 0, 2, 0, 5, 0, 0, 2, 8, 3, 0, 8, 0, 12, 5, 14, 13, 20]
 [0, 0, 0, 0, 0, 0, 0, 0, 0, 0, 0, 0, 2, 5, 0, 0, 5, 0, 8, 0, 8, 3, 14, 5, 0, 12, 5, 13, 10, 20, 14, 20]
 [7, 7, 10, 13, 13, 9, 9, 9, 0, 0, 0, 0, 0, 9, 0, 0, 0, 0, 0, 0]
 [7, 7, 16, 14, 14, 14, 14, 14, 19, 19, 12, 12, 13, 4, 3, 3, 3, 3, 3, 3]


disrution_start: 27 disruption_end 29
[1, 2, 3, 4, 5, 6, 7, 8, 9, 10, 11, 12, 15, 16, 18, 20, 25] [13, 21, 27] [14, 17, 22] [19, 23, 24, 26, 28, 29, 30, 31, 32]
reschedul_list [14, 17, 22, 19, 23, 24, 26, 28, 29, 30, 31, 32, 13, 21, 27]
min(exceed_resource) 71
group: [65, 6]
[3, 1, 1, 1, 2, 1, 1, 1, 1, 3, 1, 2, 1, 1, 1]
[13, 27, 17, 14, 22, 24, 29, 21, 26, 19, 28, 23, 30, 31, 32]
[0, 0, 0, 0, 0, 0, 0, 0, 0, 0, 0, 0, 0, 1, 0, 0, 1, 0, 4, 0, 0, 1, 7, 2, 0, 9, 0, 13, 4, 13, 14, 19]
[0, 0, 0, 0, 0, 0, 0, 0, 0, 0, 0, 0, 1, 4, 0, 0, 4, 0, 7, 0, 9, 2, 13, 4, 0, 13, 4, 14, 9, 19, 15, 19]
------------------------我是分割线--------------------------------
[0, 0, 0, 0, 0, 0, 0, 0, 0, 0, 0, 0, 0, 1, 0, 0, 1, 0, 4, 0, 0, 1, 7, 2, 0, 9, 0, 13, 4, 13, 14, 19]
 [0, 0, 0, 0, 0, 0, 0, 0, 0, 0, 0, 0, 1, 4, 0, 0, 4, 0, 7, 0, 9, 2, 13, 4, 0, 13, 4, 14, 9, 19, 15, 19]
 [3, 7, 10, 10, 12, 12, 12, 3, 3, 0, 0, 0, 0, 0, 9, 0, 0, 0, 0]
 [8, 12, 10, 10, 7, 7, 7, 11, 11, 12, 12, 12, 12, 12, 3, 3, 3, 3, 3]




disrution_start: 28 disruption_end 30
[1, 2, 3, 4, 5, 6, 7, 8, 9, 10, 11, 12, 13, 15, 16, 18, 20, 25] [21, 27] [14, 17, 22, 24] [19, 23, 26, 28, 29, 30, 31, 32]
reschedul_list [14, 17, 22, 24, 19, 23, 26, 28, 29, 30, 31, 32, 21, 27]
min(exceed_resource) 72
group: [66, 6]
[1, 1, 1, 2, 1, 1, 1, 1, 3, 1, 2, 1, 1, 1]
[27, 14, 21, 17, 19, 22, 26, 29, 24, 23, 28, 31, 30, 32]
[0, 0, 0, 0, 0, 0, 0, 0, 0, 0, 0, 0, 0, 0, 0, 0, 0, 0, 3, 0, 0, 0, 6, 1, 0, 9, 0, 13, 3, 13, 14, 19]
[0, 0, 0, 0, 0, 0, 0, 0, 0, 0, 0, 0, 0, 3, 0, 0, 3, 0, 6, 0, 9, 1, 12, 3, 0, 13, 3, 14, 8, 19, 15, 19]
------------------------我是分割线--------------------------------
[0, 0, 0, 0, 0, 0, 0, 0, 0, 0, 0, 0, 0, 0, 0, 0, 0, 0, 3, 0, 0, 0, 6, 1, 0, 9, 0, 13, 3, 13, 14, 19]
 [0, 0, 0, 0, 0, 0, 0, 0, 0, 0, 0, 0, 0, 3, 0, 0, 3, 0, 6, 0, 9, 1, 12, 3, 0, 13, 3, 14, 8, 19, 15, 19]
 [7, 10, 10, 12, 12, 12, 3, 3, 3, 0, 0, 0, 0, 0, 9, 0, 0, 0, 0]
 [12, 10, 10, 7, 7, 7, 11, 11, 4, 12, 12, 12, 8, 12, 3, 3, 3, 3, 3]




disrution_start: 29 disruption_end 31
[1, 2, 3, 4, 5, 6, 7, 8, 9, 10, 11, 12, 13, 15, 16, 18, 20, 21, 22, 25] [14, 17, 27] [24] [19, 23, 26, 28, 29, 30, 31, 32]
reschedul_list [24, 19, 23, 26, 28, 29, 30, 31, 32, 14, 17, 27]
exced_cost2 [34, 34, 34, 34, 34, 34, 34, 34, 34, 34, 34, 34, 34, 34, 34, 34, 34, 34, 34, 34, 34, 34, 34, 34, 34, 34, 34, 34, 34, 34, 34, 34, 34, 34, 34, 34, 34, 34, 34, 34, 34, 37, 34, 34, 34, 34, 34, 34, 34, 34, 34, 34, 34, 34, 34, 34, 34, 37, 34, 34, 37, 34, 34, 34, 34, 34, 34, 34, 34, 34, 34, 37, 37, 34, 34, 34, 34, 34, 37, 34, 34, 34, 34, 34, 34, 37, 34, 34, 34, 34, 34, 37, 34, 34, 34, 34, 34, 34, 34, 34]
min(exceed_resource) 34
group: [32, 2]
[1, 2, 1, 1, 1, 1, 1, 2, 3, 1, 1, 1]
[24, 27, 14, 29, 19, 23, 26, 17, 30, 28, 31, 32]
[0, 0, 0, 0, 0, 0, 0, 0, 0, 0, 0, 0, 0, 0, 0, 0, 0, 0, 3, 0, 0, 0, 6, 0, 0, 3, 0, 7, 2, 12, 8, 18]
[0, 0, 0, 0, 0, 0, 0, 0, 0, 0, 0, 0, 0, 3, 0, 0, 2, 0, 6, 0, 0, 0, 12, 2, 0, 7, 2, 8, 9, 18, 9, 18]
------------------------我是分割线--------------------------------
[0, 0, 0, 0, 0, 0, 0, 0, 0, 0, 0, 0, 0, 0, 0, 0, 0, 0, 3, 0, 0, 0, 6, 0, 0, 3, 0, 7, 2, 12, 8, 18]
 [0, 0, 0, 0, 0, 0, 0, 0, 0, 0, 0, 0, 0, 3, 0, 0, 2, 0, 6, 0, 0, 0, 12, 2, 0, 7, 2, 8, 9, 18, 9, 18]
 [9, 9, 0, 9, 9, 9, 0, 4, 9, 0, 0, 0, 0, 0, 0, 0, 0, 0]
 [14, 14, 11, 12, 12, 12, 16, 8, 8, 4, 4, 4, 3, 3, 3, 3, 3, 3]