disrution_start: 1 disruption_end 3
[1] [2, 3, 4] [] [5, 6, 7, 8, 9, 10, 11, 12, 13, 14, 15, 16, 17, 18]
disrution_start: 1 disruption_end 3
[1] [2, 3, 4] [] [5, 6, 7, 8, 9, 10, 11, 12, 13, 14, 15, 16, 17, 18]
min(exceed_resource) 14
group: [14, 0]
[2, 3, 1, 1, 1, 1, 1, 1, 1, 1, 2, 2, 1, 1, 1, 3, 1]
[2, 5, 3, 14, 4, 6, 10, 13, 7, 8, 12, 9, 15, 11, 16, 17, 18]
------------------------我是分割线--------------------------------
[0, 3, 3, 3, 6, 12, 13, 14, 14, 13, 15, 16, 13, 12, 16, 18, 21, 30] 
 [0, 6, 12, 10, 12, 13, 14, 15, 15, 16, 18, 21, 15, 15, 21, 19, 30, 30]
[11, 11, 11, 17, 17, 17, 17, 11, 11, 0, 5, 9, 6, 10, 10, 6, 6, 6, 0, 0, 0, 0, 0, 0, 0, 0, 0] 
 [0, 0, 0, 0, 0, 0, 0, 0, 0, 13, 7, 15, 0, 0, 0, 8, 0, 0, 5, 5, 5, 5, 5, 5, 5, 5, 5]
算法时间： 18.88430666923523 s
-----------------------一次中断----------------------------
disrution_start: 2 disruption_end 4
[1] [2, 3, 4] [5] [6, 7, 8, 9, 10, 11, 12, 13, 14, 15, 16, 17, 18]
min(exceed_resource) 38
group: [38, 0]
[1, 2, 3, 1, 1, 1, 1, 1, 1, 1, 1, 1, 1, 1, 1, 1, 1]
[2, 5, 6, 7, 13, 3, 14, 4, 10, 9, 8, 11, 12, 15, 16, 17, 18]
------------------------我是分割线--------------------------------
[0, 4, 4, 4, 7, 13, 14, 15, 15, 14, 16, 17, 14, 12, 17, 19, 19, 28] 
 [0, 7, 12, 10, 13, 14, 15, 16, 16, 17, 19, 18, 15, 15, 22, 20, 28, 28]
[1, 1, 1, 8, 8, 8, 8, 8, 8, 0, 5, 9, 6, 12, 8, 4, 4, 4, 0, 0, 0, 0, 0, 0] 
 [5, 5, 5, 5, 5, 5, 2, 2, 5, 13, 11, 8, 0, 0, 0, 13, 5, 5, 5, 5, 5, 5, 5, 5]
算法时间： 21.880282402038574 s
-----------------------一次中断----------------------------
disrution_start: 3 disruption_end 5
[1, 2] [3, 4] [5] [6, 7, 8, 9, 10, 11, 12, 13, 14, 15, 16, 17, 18]
min(exceed_resource) 8
group: [8, 0]
[1, 2, 1, 1, 1, 1, 1, 1, 1, 1, 1, 1, 1, 1, 2, 1]
[3, 14, 5, 4, 6, 7, 10, 13, 9, 8, 11, 15, 12, 17, 16, 18]
------------------------我是分割线--------------------------------
[0, 0, 5, 5, 5, 11, 12, 13, 13, 12, 14, 15, 12, 12, 15, 17, 17, 26] 
 [0, 3, 12, 10, 11, 12, 13, 14, 14, 15, 17, 16, 13, 15, 20, 18, 26, 26]
[15, 15, 15, 15, 15, 15, 7, 5, 9, 6, 12, 8, 5, 5, 5, 1, 1, 1, 1, 1, 1] 
 [3, 3, 3, 3, 3, 0, 8, 11, 13, 5, 0, 0, 8, 0, 0, 0, 0, 0, 0, 0, 0]
算法时间： 17.266166925430298 s
-----------------------一次中断----------------------------
disrution_start: 4 disruption_end 6
[1, 2] [3, 4, 5] [] [6, 7, 8, 9, 10, 11, 12, 13, 14, 15, 16, 17, 18]
min(exceed_resource) 8
group: [8, 0]
[2, 2, 1, 1, 1, 1, 1, 1, 1, 2, 2, 1, 1, 1, 3, 1]
[4, 5, 3, 6, 10, 7, 14, 8, 9, 11, 12, 15, 17, 13, 16, 18]
------------------------我是分割线--------------------------------
[0, 0, 6, 6, 6, 12, 13, 14, 14, 13, 15, 16, 13, 12, 16, 18, 21, 30] 
 [0, 3, 12, 10, 12, 13, 14, 15, 15, 16, 18, 21, 15, 15, 21, 19, 30, 30]
[8, 8, 8, 8, 8, 8, 0, 5, 9, 6, 10, 10, 6, 6, 6, 0, 0, 0, 0, 0, 0, 0, 0, 0] 
 [5, 5, 5, 5, 2, 2, 13, 7, 15, 0, 0, 0, 8, 0, 0, 5, 5, 5, 5, 5, 5, 5, 5, 5]
算法时间： 20.79640769958496 s
-----------------------一次中断----------------------------
disrution_start: 5 disruption_end 7
[1, 2] [3, 4, 5] [] [6, 7, 8, 9, 10, 11, 12, 13, 14, 15, 16, 17, 18]
min(exceed_resource) 30
group: [30, 0]
[1, 2, 1, 1, 1, 1, 1, 1, 1, 1, 1, 1, 1, 1, 1, 1]
[4, 3, 5, 14, 6, 7, 8, 10, 9, 11, 12, 13, 17, 15, 16, 18]
------------------------我是分割线--------------------------------
[0, 0, 7, 7, 7, 13, 14, 15, 15, 14, 16, 17, 14, 12, 17, 19, 19, 28] 
 [0, 3, 12, 10, 13, 14, 15, 16, 16, 17, 19, 18, 15, 15, 22, 20, 28, 28]
[15, 15, 15, 15, 15, 8, 0, 5, 9, 6, 12, 8, 4, 4, 4, 0, 0, 0, 0, 0, 0] 
 [3, 3, 3, 0, 0, 5, 13, 11, 8, 0, 0, 0, 13, 5, 5, 5, 5, 5, 5, 5, 5]
算法时间： 21.949379444122314 s
-----------------------一次中断----------------------------
disrution_start: 6 disruption_end 8
[1, 2] [3, 4, 5] [] [6, 7, 8, 9, 10, 11, 12, 13, 14, 15, 16, 17, 18]
min(exceed_resource) 56
group: [56, 0]
[3, 1, 1, 1, 1, 1, 2, 1, 1, 1, 1, 1, 1, 1, 1, 1]
[5, 6, 13, 7, 4, 8, 10, 3, 12, 9, 14, 11, 16, 17, 15, 18]
------------------------我是分割线--------------------------------
[0, 0, 8, 8, 8, 14, 15, 16, 16, 15, 17, 18, 15, 12, 18, 20, 20, 29] 
 [0, 3, 12, 10, 14, 15, 16, 17, 17, 18, 20, 19, 16, 15, 23, 21, 29, 29]
[17, 17, 11, 11, 8, 8, 0, 5, 9, 6, 12, 8, 4, 4, 4, 0, 0, 0, 0, 0, 0] 
 [0, 0, 0, 0, 5, 5, 13, 6, 8, 0, 0, 0, 13, 5, 5, 5, 5, 5, 5, 5, 5]
算法时间： 16.503110885620117 s
-----------------------一次中断----------------------------
disrution_start: 7 disruption_end 9
[1, 2] [3, 4, 5] [] [6, 7, 8, 9, 10, 11, 12, 13, 14, 15, 16, 17, 18]
min(exceed_resource) 82
group: [82, 0]
[2, 1, 1, 1, 1, 1, 1, 1, 1, 1, 1, 1, 1, 1, 1, 1]
[5, 6, 3, 7, 13, 14, 4, 9, 10, 15, 8, 12, 11, 17, 16, 18]
------------------------我是分割线--------------------------------
[0, 0, 9, 9, 9, 15, 16, 17, 17, 16, 18, 19, 16, 12, 19, 21, 21, 30] 
 [0, 3, 12, 10, 15, 16, 17, 18, 18, 19, 21, 20, 17, 15, 24, 22, 30, 30]
[14, 8, 8, 8, 8, 8, 0, 5, 9, 6, 12, 8, 4, 4, 4, 0, 0, 0, 0, 0, 0] 
 [2, 2, 2, 5, 5, 5, 8, 6, 8, 0, 0, 0, 13, 5, 5, 5, 5, 5, 5, 5, 5]
算法时间： 17.183127403259277 s
-----------------------一次中断----------------------------
disrution_start: 8 disruption_end 10
[1, 2, 4] [3, 5] [] [6, 7, 8, 9, 10, 11, 12, 13, 14, 15, 16, 17, 18]
