
disrution_start: 1 disruption_end 3
[1] [2, 3, 4] [] [5, 6, 7, 8, 9, 10, 11, 12, 13, 14, 15, 16, 17, 18]
reschedul_list [5, 6, 7, 8, 9, 10, 11, 12, 13, 14, 15, 16, 17, 18, 2, 3, 4]
min(exceed_resource) 14
group: [14, 0]
[1, 2, 1, 1, 1, 1, 1, 2, 1, 1, 1, 2, 1, 1, 1, 1, 1]
[4, 3, 2, 14, 5, 6, 10, 13, 7, 9, 8, 12, 15, 11, 16, 17, 18]
[0, 0, 0, 0, 3, 9, 10, 11, 11, 10, 12, 13, 10, 9, 13, 15, 15, 24]
[0, 3, 9, 7, 9, 10, 11, 12, 12, 13, 15, 14, 12, 12, 18, 16, 24, 24]
------------------------我是分割线--------------------------------
[0, 3, 3, 3, 6, 12, 13, 14, 14, 13, 15, 16, 13, 12, 16, 18, 18, 27]
 [0, 6, 12, 10, 12, 13, 14, 15, 15, 16, 18, 17, 15, 15, 21, 19, 27, 27]
[7, 7, 7, 14, 14, 14, 14, 8, 8, 0, 5, 9, 6, 12, 8, 4, 4, 4, 0, 0, 0, 0, 0, 0]
 [2, 2, 2, 2, 2, 2, 2, 2, 2, 13, 7, 15, 0, 0, 0, 13, 5, 5, 5, 5, 5, 5, 5, 5]
算法时间： 16.64895224571228 s




disrution_start: 2 disruption_end 4
[1] [2, 3, 4] [5] [6, 7, 8, 9, 10, 11, 12, 13, 14, 15, 16, 17, 18]
reschedul_list [5, 6, 7, 8, 9, 10, 11, 12, 13, 14, 15, 16, 17, 18, 2, 3, 4]
exced_cost2 [38, 38, 38, 38, 38, 38, 38, 38, 38, 38, 38, 38, 38, 38, 38, 38, 38, 40, 38, 38, 38, 38, 38, 38, 38, 38, 38, 38, 38, 38, 38, 38, 38, 38, 38, 38, 38, 38, 38, 38, 38, 38, 38, 38, 38, 38, 38, 38, 38, 38, 38, 38, 38, 38, 38, 38, 38, 40, 38, 38, 38, 38, 38, 38, 38, 38, 38, 38, 38, 38, 38, 38, 38, 38, 38, 38, 38, 38, 38, 38, 38, 38, 40, 38, 38, 38, 38, 38, 38, 38, 38, 38, 38, 38, 38, 38, 38, 38, 38, 38]
min(exceed_resource) 38
group: [38, 0]
[1, 1, 3, 1, 1, 1, 1, 2, 1, 1, 1, 1, 1, 1, 1, 1, 1]
[2, 4, 5, 6, 7, 3, 8, 9, 13, 10, 12, 14, 15, 11, 17, 16, 18]
[0, 0, 0, 0, 3, 9, 10, 11, 11, 10, 12, 13, 10, 8, 13, 15, 15, 24]
[0, 3, 8, 6, 9, 10, 11, 12, 12, 13, 15, 14, 11, 11, 18, 16, 24, 24]
------------------------我是分割线--------------------------------
[0, 4, 4, 4, 7, 13, 14, 15, 15, 14, 16, 17, 14, 12, 17, 19, 19, 28]
 [0, 7, 12, 10, 13, 14, 15, 16, 16, 17, 19, 18, 15, 15, 22, 20, 28, 28]
[8, 8, 8, 15, 15, 15, 15, 15, 8, 0, 5, 9, 6, 12, 8, 4, 4, 4, 0, 0, 0, 0, 0, 0]
 [3, 3, 3, 3, 3, 3, 0, 0, 5, 13, 11, 8, 0, 0, 0, 13, 5, 5, 5, 5, 5, 5, 5, 5]
算法时间： 16.550098657608032 s




disrution_start: 3 disruption_end 5
[1, 2] [3, 4] [5] [6, 7, 8, 9, 10, 11, 12, 13, 14, 15, 16, 17, 18]
reschedul_list [5, 6, 7, 8, 9, 10, 11, 12, 13, 14, 15, 16, 17, 18, 3, 4]
exceed_cost1 [8, 8, 8, 8, 9, 9, 8, 8, 8, 8, 8, 8, 8, 8, 8, 18, 8, 8, 8, 28]
完成一次初始化搜索
exced_cost2 [8, 8, 8, 8, 8, 8, 8, 8, 8, 8, 8, 8, 8, 8, 8, 8, 8, 8, 8, 8, 8, 8, 8, 8, 8, 8, 8, 8, 8, 8, 8, 8, 8, 8, 8, 8, 8, 8, 8, 8, 8, 8, 8, 8, 8, 8, 8, 8, 8, 8, 8, 8, 8, 8, 8, 8, 8, 8, 8, 8, 8, 8, 8, 8, 8, 8, 8, 8, 8, 8, 8, 8, 8, 8, 8, 8, 8, 8, 8, 8, 8, 8, 8, 8, 8, 8, 8, 8, 8, 8, 8, 8, 8, 8, 8, 8, 8, 8, 8, 8]
min(exceed_resource) 8
group: [8, 0]
[1, 2, 1, 1, 1, 1, 1, 1, 1, 1, 1, 1, 1, 1, 1, 1]
[5, 3, 4, 6, 10, 14, 7, 13, 8, 9, 11, 16, 15, 12, 17, 18]
[0, 0, 0, 0, 0, 6, 7, 8, 8, 7, 9, 10, 7, 7, 10, 12, 12, 21]
[0, 0, 7, 5, 6, 7, 8, 9, 9, 10, 12, 11, 8, 10, 15, 13, 21, 21]
------------------------我是分割线--------------------------------
[0, 0, 5, 5, 5, 11, 12, 13, 13, 12, 14, 15, 12, 12, 15, 17, 17, 26]
 [0, 3, 12, 10, 11, 12, 13, 14, 14, 15, 17, 16, 13, 15, 20, 18, 26, 26]
[15, 15, 15, 15, 15, 15, 7, 5, 9, 6, 12, 8, 4, 4, 4, 0, 0, 0, 0, 0, 0]
 [3, 3, 3, 3, 3, 0, 8, 11, 13, 5, 0, 0, 13, 5, 5, 5, 5, 5, 5, 5, 5]
算法时间： 15.88211441040039 s




disrution_start: 4 disruption_end 6
[1, 2] [3, 4, 5] [] [6, 7, 8, 9, 10, 11, 12, 13, 14, 15, 16, 17, 18]
reschedul_list [6, 7, 8, 9, 10, 11, 12, 13, 14, 15, 16, 17, 18, 3, 4, 5]
exced_cost2 [8, 8, 8, 8, 8, 8, 8, 8, 8, 8, 8, 8, 9, 8, 8, 8, 8, 8, 8, 8, 9, 8, 8, 8, 8, 8, 8, 8, 8, 8, 8, 8, 8, 8, 8, 8, 8, 8, 9, 8, 8, 8, 8, 8, 8, 8, 8, 8, 8, 8, 8, 8, 8, 8, 8, 8, 8, 8, 8, 8, 8, 8, 8, 8, 8, 8, 8, 8, 8, 8, 8, 8, 8, 8, 8, 8, 8, 8, 8, 8, 8, 9, 8, 8, 8, 8, 8, 8, 8, 8, 8, 8, 8, 8, 8, 8, 8, 8, 8, 8]
min(exceed_resource) 8
group: [8, 0]
[2, 2, 1, 1, 1, 1, 1, 1, 1, 1, 1, 1, 1, 1, 1, 1]
[3, 4, 5, 6, 14, 13, 7, 9, 10, 8, 12, 15, 11, 16, 17, 18]
[0, 0, 0, 0, 0, 6, 7, 8, 8, 7, 9, 10, 7, 6, 10, 12, 12, 21]
[0, 0, 6, 4, 6, 7, 8, 9, 9, 10, 12, 11, 8, 9, 15, 13, 21, 21]
------------------------我是分割线--------------------------------
[0, 0, 6, 6, 6, 12, 13, 14, 14, 13, 15, 16, 13, 12, 16, 18, 18, 27]
 [0, 3, 12, 10, 12, 13, 14, 15, 15, 16, 18, 17, 14, 15, 21, 19, 27, 27]
[8, 8, 8, 8, 8, 8, 0, 5, 9, 6, 12, 8, 4, 4, 4, 0, 0, 0, 0, 0, 0]
 [5, 5, 5, 5, 2, 2, 13, 11, 13, 0, 0, 0, 13, 5, 5, 5, 5, 5, 5, 5, 5]
算法时间： 15.778097867965698 s



disrution_start: 5 disruption_end 7
[1, 2] [3, 4, 5] [] [6, 7, 8, 9, 10, 11, 12, 13, 14, 15, 16, 17, 18]
reschedul_list [6, 7, 8, 9, 10, 11, 12, 13, 14, 15, 16, 17, 18, 3, 4, 5]
exced_cost2 [30, 30, 30, 30, 30, 30, 30, 30, 30, 30, 30, 30, 30, 30, 30, 30, 30, 30, 32, 30, 30, 30, 30, 30, 30, 30, 30, 32, 30, 30, 30, 30, 30, 30, 30, 30, 30, 30, 30, 30, 30, 30, 30, 30, 30, 30, 30, 30, 30, 30, 30, 30, 30, 30, 30, 30, 30, 30, 30, 30, 30, 30, 30, 30, 30, 30, 30, 30, 30, 30, 30, 30, 30, 30, 30, 30, 30, 30, 30, 30, 30, 30, 30, 30, 30, 30, 30, 30, 30, 33, 30, 30, 30, 30, 30, 30, 30, 30, 30, 30]
min(exceed_resource) 30
group: [30, 0]
[3, 1, 1, 1, 1, 1, 1, 1, 1, 1, 1, 1, 1, 1, 3, 1]
[5, 4, 6, 7, 3, 13, 8, 9, 14, 10, 12, 11, 16, 15, 17, 18]
[0, 0, 0, 0, 0, 6, 7, 8, 8, 7, 9, 10, 7, 5, 10, 12, 12, 21]
[0, 0, 5, 3, 6, 7, 8, 9, 9, 10, 12, 11, 8, 8, 15, 13, 21, 21]
------------------------我是分割线--------------------------------
[0, 0, 7, 7, 7, 13, 14, 15, 15, 14, 16, 17, 14, 12, 17, 19, 19, 28]
 [0, 3, 12, 10, 13, 14, 15, 16, 16, 17, 19, 18, 15, 15, 22, 20, 28, 28]
[17, 17, 17, 11, 11, 8, 0, 5, 9, 6, 12, 8, 4, 4, 4, 0, 0, 0, 0, 0, 0]
 [0, 0, 0, 0, 0, 5, 13, 11, 8, 0, 0, 0, 13, 5, 5, 5, 5, 5, 5, 5, 5]
算法时间： 17.485156297683716 s



disrution_start: 6 disruption_end 8
[1, 2] [3, 4, 5] [] [6, 7, 8, 9, 10, 11, 12, 13, 14, 15, 16, 17, 18]
reschedul_list [6, 7, 8, 9, 10, 11, 12, 13, 14, 15, 16, 17, 18, 3, 4, 5]
exced_cost2 [56, 56, 56, 56, 56, 56, 56, 56, 56, 56, 56, 56, 56, 56, 56, 56, 56, 56, 56, 56, 56, 56, 56, 56, 56, 56, 56, 56, 56, 56, 56, 56, 56, 56, 56, 56, 56, 56, 56, 56, 56, 56, 56, 56, 56, 56, 56, 56, 56, 56, 56, 56, 56, 56, 56, 56, 56, 56, 56, 56, 56, 56, 56, 56, 56, 56, 56, 56, 56, 56, 56, 56, 56, 56, 56, 56, 56, 56, 56, 56, 56, 56, 56, 56, 56, 56, 56, 56, 56, 56, 56, 56, 56, 56, 56, 56, 56, 56, 56, 56]
min(exceed_resource) 56
group: [56, 0]
[1, 2, 1, 1, 1, 1, 1, 1, 1, 1, 1, 1, 1, 1, 2, 1]
[4, 5, 3, 14, 6, 10, 13, 7, 8, 9, 15, 11, 12, 16, 17, 18]
[0, 0, 0, 0, 0, 6, 7, 8, 8, 7, 9, 10, 7, 4, 10, 12, 12, 21]
[0, 0, 4, 2, 6, 7, 8, 9, 9, 10, 12, 11, 8, 7, 15, 13, 21, 21]
------------------------我是分割线--------------------------------
[0, 0, 8, 8, 8, 14, 15, 16, 16, 15, 17, 18, 15, 12, 18, 20, 20, 29]
 [0, 3, 12, 10, 14, 15, 16, 17, 17, 18, 20, 19, 16, 15, 23, 21, 29, 29]
[15, 15, 15, 15, 8, 8, 0, 5, 9, 6, 12, 8, 5, 5, 5, 1, 1, 1, 1, 1, 1]
 [3, 3, 0, 0, 5, 5, 13, 6, 8, 0, 0, 0, 8, 0, 0, 0, 0, 0, 0, 0, 0]
算法时间： 15.65109896659851 s


disrution_start: 7 disruption_end 9
[1, 2] [3, 4, 5] [] [6, 7, 8, 9, 10, 11, 12, 13, 14, 15, 16, 17, 18]
reschedul_list [6, 7, 8, 9, 10, 11, 12, 13, 14, 15, 16, 17, 18, 3, 4, 5]
exced_cost2 [82, 82, 82, 82, 82, 82, 82, 82, 82, 82, 82, 82, 82, 82, 82, 82, 82, 82, 82, 82, 82, 82, 82, 82, 82, 82, 82, 82, 82, 82, 82, 82, 82, 82, 82, 82, 82, 82, 82, 82, 82, 82, 82, 82, 82, 82, 82, 82, 82, 82, 82, 82, 82, 82, 82, 82, 82, 82, 82, 82, 82, 82, 82, 84, 82, 82, 82, 82, 82, 82, 82, 82, 82, 82, 82, 82, 82, 82, 82, 82, 82, 82, 82, 82, 82, 82, 82, 82, 82, 82, 82, 82, 82, 82, 82, 82, 82, 82, 82, 82]
min(exceed_resource) 82
group: [82, 0]
[2, 3, 1, 1, 1, 1, 1, 1, 1, 1, 1, 1, 1, 1, 1, 1]
[3, 5, 4, 6, 14, 7, 9, 10, 8, 15, 11, 12, 13, 17, 16, 18]
[0, 0, 0, 0, 0, 6, 7, 8, 8, 7, 9, 10, 7, 3, 10, 12, 12, 21]
[0, 0, 3, 1, 6, 7, 8, 9, 9, 10, 12, 11, 8, 6, 15, 13, 21, 21]
------------------------我是分割线--------------------------------
[0, 0, 9, 9, 9, 15, 16, 17, 17, 16, 18, 19, 16, 12, 19, 21, 21, 30]
 [0, 3, 12, 10, 15, 16, 17, 18, 18, 19, 21, 20, 17, 15, 24, 22, 30, 30]
[8, 8, 8, 8, 8, 8, 0, 5, 9, 6, 12, 8, 4, 4, 4, 0, 0, 0, 0, 0, 0]
 [5, 2, 2, 5, 5, 5, 8, 6, 8, 0, 0, 0, 13, 5, 5, 5, 5, 5, 5, 5, 5]
算法时间： 17.321161031723022 s



disrution_start: 7 disruption_end 9
[1, 2] [3, 4, 5] [] [6, 7, 8, 9, 10, 11, 12, 13, 14, 15, 16, 17, 18]
reschedul_list [6, 7, 8, 9, 10, 11, 12, 13, 14, 15, 16, 17, 18, 3, 4, 5]
exced_cost2 [82, 82, 82, 82, 82, 82, 82, 82, 82, 82, 82, 82, 82, 82, 82, 82, 82, 82, 82, 82, 82, 82, 82, 82, 82, 82, 82, 82, 82, 82, 82, 82, 82, 82, 82, 82, 82, 82, 82, 82, 82, 82, 82, 82, 82, 82, 82, 82, 82, 82, 82, 82, 82, 82, 82, 82, 82, 82, 82, 82, 82, 82, 82, 84, 82, 82, 82, 82, 82, 82, 82, 82, 82, 82, 82, 82, 82, 82, 82, 82, 82, 82, 82, 82, 82, 82, 82, 82, 82, 82, 82, 82, 82, 82, 82, 82, 82, 82, 82, 82]
min(exceed_resource) 82
group: [82, 0]
[2, 3, 1, 1, 1, 1, 1, 1, 1, 1, 1, 1, 1, 1, 1, 1]
[3, 5, 4, 6, 14, 7, 9, 10, 8, 15, 11, 12, 13, 17, 16, 18]
[0, 0, 0, 0, 0, 6, 7, 8, 8, 7, 9, 10, 7, 3, 10, 12, 12, 21]
[0, 0, 3, 1, 6, 7, 8, 9, 9, 10, 12, 11, 8, 6, 15, 13, 21, 21]
------------------------我是分割线--------------------------------
[0, 0, 9, 9, 9, 15, 16, 17, 17, 16, 18, 19, 16, 12, 19, 21, 21, 30]
 [0, 3, 12, 10, 15, 16, 17, 18, 18, 19, 21, 20, 17, 15, 24, 22, 30, 30]
[8, 8, 8, 8, 8, 8, 0, 5, 9, 6, 12, 8, 4, 4, 4, 0, 0, 0, 0, 0, 0]
 [5, 2, 2, 5, 5, 5, 8, 6, 8, 0, 0, 0, 13, 5, 5, 5, 5, 5, 5, 5, 5]
算法时间： 17.321161031723022 s
