s_t: [0, 0, 0, 0, 6, 6, 8, 11, 13, 14, 17, 11, 17, 19, 19, 22]
f_t: [0, 4, 6, 5, 8, 11, 14, 13, 17, 16, 19, 15, 22, 22, 21, 22]
disrution_start: 1 disruption_end 3
[1] [2, 3, 4] [] [5, 6, 7, 8, 9, 10, 11, 12, 13, 14, 15, 16]
min(exceed_resource) 33
group: [23, 10]
[1, 1, 1, 2, 1, 1, 2, 2, 1, 1, 2, 2, 1, 1, 1]
[2, 4, 5, 7, 3, 10, 6, 8, 12, 15, 9, 11, 14, 13, 16]
---------------------------------------------------------
[0, 3, 3, 3, 7, 8, 9, 9, 13, 11, 17, 12, 17, 19, 13, 22] 
 [0, 7, 8, 7, 9, 12, 11, 13, 17, 13, 19, 16, 20, 22, 15, 22]
[10, 10, 10, 10, 0, 0, 15, 15, 13, 13, 10, 10, 0, 0, 5, 5, 2, 2, 2] 
 [10, 10, 10, 10, 13, 17, 8, 8, 8, 2, 3, 3, 3, 1, 5, 5, 5, 0, 0]
算法时间： 15.050021171569824 s

 -----------------------once disrution----------------------------
disrution_start: 2 disruption_end 4
[1] [2, 3, 4] [] [5, 6, 7, 8, 9, 10, 11, 12, 13, 14, 15, 16]
min(exceed_resource) 45
group: [29, 16]
[1, 1, 3, 2, 1, 1, 2, 1, 1, 1, 1, 1, 1, 1, 1]
[3, 2, 6, 4, 5, 7, 8, 10, 9, 15, 11, 12, 14, 13, 16]
---------------------------------------------------------
[0, 4, 4, 4, 8, 8, 10, 10, 14, 12, 16, 12, 16, 18, 14, 21] 
 [0, 8, 8, 7, 10, 12, 12, 14, 16, 14, 18, 16, 18, 21, 16, 21]
[10, 10, 10, 10, 0, 0, 15, 15, 13, 13, 15, 15, 5, 5, 2, 2, 2] 
 [7, 7, 7, 4, 17, 17, 8, 8, 2, 2, 2, 2, 7, 7, 0, 0, 0]
算法时间： 17.354044198989868 s

 -----------------------once disrution----------------------------
disrution_start: 3 disruption_end 5
[1] [2, 3, 4] [] [5, 6, 7, 8, 9, 10, 11, 12, 13, 14, 15, 16]
min(exceed_resource) 58
group: [42, 16]
[1, 2, 2, 2, 1, 1, 2, 1, 1, 1, 2, 2, 1, 1, 1]
[4, 2, 3, 5, 7, 10, 8, 6, 9, 12, 15, 11, 14, 13, 16]
---------------------------------------------------------
[0, 5, 5, 5, 9, 9, 11, 11, 15, 13, 17, 13, 17, 19, 15, 22] 
 [0, 9, 8, 7, 11, 13, 13, 15, 17, 15, 19, 17, 20, 22, 17, 22]
[13, 13, 10, 10, 0, 0, 15, 15, 13, 13, 15, 15, 5, 5, 2, 2, 2] 
 [4, 4, 4, 0, 17, 17, 8, 8, 2, 2, 2, 2, 5, 5, 5, 0, 0]
算法时间： 17.036033391952515 s

 -----------------------once disrution----------------------------
disrution_start: 4 disruption_end 6
[1, 2] [3, 4] [] [5, 6, 7, 8, 9, 10, 11, 12, 13, 14, 15, 16]
min(exceed_resource) 17
group: [15, 2]
[3, 2, 1, 1, 1, 2, 2, 1, 1, 2, 1, 1, 1, 1]
[4, 3, 5, 8, 6, 12, 7, 10, 15, 9, 11, 13, 14, 16]
---------------------------------------------------------
[0, 0, 6, 6, 6, 8, 8, 8, 12, 10, 16, 12, 16, 18, 12, 21] 
 [0, 4, 8, 7, 8, 12, 10, 12, 16, 12, 18, 16, 18, 21, 14, 21]
[8, 5, 15, 15, 13, 13, 10, 10, 0, 0, 5, 5, 2, 2, 2] 
 [10, 10, 8, 8, 8, 8, 3, 3, 3, 3, 7, 7, 0, 0, 0]
算法时间： 16.85221242904663 s

 -----------------------once disrution----------------------------
disrution_start: 5 disruption_end 7
[1, 2, 4] [3] [5, 6] [7, 8, 9, 10, 11, 12, 13, 14, 15, 16]
min(exceed_resource) 21
group: [13, 8]
[3, 2, 1, 1, 2, 2, 1, 1, 2, 1, 1, 1, 1]
[3, 6, 5, 7, 8, 10, 12, 15, 9, 13, 11, 14, 16]
---------------------------------------------------------
[0, 0, 7, 0, 7, 8, 9, 9, 13, 11, 17, 12, 17, 19, 13, 22] 
 [0, 4, 8, 5, 9, 12, 11, 13, 17, 13, 19, 16, 19, 22, 15, 22]
[5, 0, 15, 15, 13, 13, 10, 10, 0, 0, 5, 5, 2, 2, 2] 
 [9, 17, 8, 8, 8, 2, 3, 3, 3, 1, 7, 7, 0, 0, 0]
算法时间： 21.8965106010437 s

 -----------------------once disrution----------------------------
disrution_start: 6 disruption_end 8
[1, 2, 3, 4] [] [5, 6] [7, 8, 9, 10, 11, 12, 13, 14, 15, 16]
min(exceed_resource) 29
group: [13, 16]
[2, 1, 1, 2, 1, 1, 1, 2, 2, 1, 1, 1]
[5, 8, 6, 7, 9, 10, 15, 11, 12, 13, 14, 16]
---------------------------------------------------------
[0, 0, 0, 0, 8, 8, 10, 10, 14, 12, 16, 12, 16, 18, 14, 21] 
 [0, 4, 6, 5, 10, 12, 12, 14, 16, 14, 18, 16, 19, 21, 16, 21]
[0, 0, 15, 15, 13, 13, 15, 15, 5, 5, 2, 2, 2] 
 [17, 17, 8, 8, 2, 2, 2, 2, 5, 5, 5, 0, 0]
算法时间： 17.29803967475891 s

 -----------------------once disrution----------------------------
disrution_start: 7 disruption_end 9
[1, 2, 3, 4] [5, 6] [7] [8, 9, 10, 11, 12, 13, 14, 15, 16]
min(exceed_resource) 38
group: [24, 14]
[2, 3, 1, 2, 1, 1, 1, 2, 3, 1, 1, 1]
[6, 5, 7, 8, 10, 12, 9, 11, 13, 15, 14, 16]
---------------------------------------------------------
[0, 0, 0, 0, 9, 9, 11, 11, 15, 13, 17, 13, 17, 19, 15, 22] 
 [0, 4, 6, 5, 11, 13, 13, 15, 17, 15, 19, 17, 22, 22, 17, 22]
[0, 0, 15, 15, 13, 13, 15, 15, 7, 7, 4, 4, 4] 
 [16, 16, 7, 7, 2, 2, 2, 2, 0, 0, 0, 0, 0]
算法时间： 16.916029930114746 s

 -----------------------once disrution----------------------------
disrution_start: 8 disruption_end 10
[1, 2, 3, 4, 5] [6] [7] [8, 9, 10, 11, 12, 13, 14, 15, 16]
min(exceed_resource) 20
group: [16, 4]
[1, 1, 2, 1, 1, 1, 1, 1, 1, 1, 1]
[6, 8, 12, 7, 15, 10, 9, 13, 11, 14, 16]
---------------------------------------------------------
[0, 0, 0, 0, 6, 10, 10, 10, 14, 12, 16, 13, 17, 18, 14, 21] 
 [0, 4, 6, 5, 8, 13, 12, 14, 16, 14, 18, 17, 19, 21, 16, 21]
[15, 15, 13, 13, 15, 15, 5, 5, 2, 2, 2] 
 [8, 8, 8, 2, 2, 2, 2, 7, 7, 0, 0]
算法时间： 15.622030258178711 s

 -----------------------once disrution----------------------------
disrution_start: 9 disruption_end 11
[1, 2, 3, 4, 5] [6, 7] [] [8, 9, 10, 11, 12, 13, 14, 15, 16]
min(exceed_resource) 22
group: [18, 4]
[1, 1, 2, 1, 1, 1, 1, 1, 1, 1, 1]
[6, 8, 7, 9, 12, 10, 15, 11, 14, 13, 16]
---------------------------------------------------------
[0, 0, 0, 0, 6, 11, 11, 11, 15, 13, 17, 13, 17, 19, 15, 22] 
 [0, 4, 6, 5, 8, 13, 13, 15, 17, 15, 19, 17, 19, 22, 17, 22]
[15, 15, 13, 13, 15, 15, 5, 5, 2, 2, 2] 
 [8, 8, 2, 2, 2, 2, 7, 7, 0, 0, 0]
算法时间： 15.856028318405151 s

 -----------------------once disrution----------------------------
disrution_start: 10 disruption_end 12
[1, 2, 3, 4, 5] [6, 7] [8, 12] [9, 10, 11, 13, 14, 15, 16]
min(exceed_resource) 36
group: [16, 20]
[1, 1, 1, 1, 1, 1, 2, 1, 1, 1, 1]
[7, 8, 6, 9, 12, 10, 15, 11, 14, 13, 16]
---------------------------------------------------------
[0, 0, 0, 0, 6, 12, 12, 12, 14, 14, 16, 13, 17, 18, 14, 21] 
 [0, 4, 6, 5, 8, 13, 14, 14, 16, 16, 18, 17, 19, 21, 16, 21]
[16, 16, 22, 22, 5, 5, 2, 2, 2] 
 [8, 2, 2, 2, 2, 7, 7, 0, 0]
算法时间： 17.26203489303589 s

 -----------------------once disrution----------------------------
disrution_start: 11 disruption_end 13
[1, 2, 3, 4, 5, 6] [7] [8, 12] [9, 10, 11, 13, 14, 15, 16]
min(exceed_resource) 44
group: [24, 20]
[1, 1, 1, 1, 1, 1, 1, 1, 1, 1]
[8, 9, 12, 7, 10, 13, 15, 11, 14, 16]
---------------------------------------------------------
[0, 0, 0, 0, 6, 6, 13, 13, 15, 15, 17, 13, 17, 19, 15, 22] 
 [0, 4, 6, 5, 8, 11, 15, 15, 17, 17, 19, 17, 19, 22, 17, 22]
[16, 16, 22, 22, 5, 5, 2, 2, 2] 
 [2, 2, 2, 2, 7, 7, 0, 0, 0]
算法时间： 18.70003318786621 s

 -----------------------once disrution----------------------------
disrution_start: 12 disruption_end 14
[1, 2, 3, 4, 5, 6] [7, 8, 12] [9] [10, 11, 13, 14, 15, 16]
min(exceed_resource) 50
group: [34, 16]
[1, 3, 1, 1, 1, 1, 1, 1, 1, 1]
[7, 12, 8, 15, 10, 9, 13, 11, 14, 16]
---------------------------------------------------------
[0, 0, 0, 0, 6, 6, 14, 14, 15, 16, 17, 14, 18, 19, 16, 22] 
 [0, 4, 6, 5, 8, 11, 16, 15, 17, 18, 19, 17, 20, 22, 18, 22]
[13, 14, 22, 22, 5, 2, 2, 2] 
 [2, 2, 2, 0, 7, 7, 0, 0]
算法时间： 16.31404209136963 s

 -----------------------once disrution----------------------------
disrution_start: 13 disruption_end 15
[1, 2, 3, 4, 5, 6, 8] [7, 12] [9, 10] [11, 13, 14, 15, 16]
min(exceed_resource) 56
group: [40, 16]
[1, 1, 1, 1, 1, 1, 1, 1, 1]
[12, 7, 15, 9, 11, 10, 14, 13, 16]
---------------------------------------------------------
[0, 0, 0, 0, 6, 6, 15, 11, 15, 17, 17, 15, 19, 19, 17, 22] 
 [0, 4, 6, 5, 8, 11, 17, 13, 17, 19, 19, 17, 21, 22, 19, 22]
[14, 14, 22, 22, 2, 2, 2] 
 [2, 2, 0, 0, 7, 7, 0]
算法时间： 16.958038091659546 s

 -----------------------once disrution----------------------------
disrution_start: 14 disruption_end 16
[1, 2, 3, 4, 5, 6, 7, 8] [9, 12] [10] [11, 13, 14, 15, 16]
