disrution_start: 1 disruption_end 3
[1] [2, 3, 4, 6] [] [5, 7, 8, 9, 10, 11, 12, 13, 14, 15, 16]
reschedul_list [5, 7, 8, 9, 10, 11, 12, 13, 14, 15, 16, 2, 3, 4, 6]
min(exceed_resource) 78
group: [28, 50]
[1, 1, 2, 2, 3, 1, 1, 2, 1, 1, 3, 3, 1, 1, 1]
[5, 2, 3, 13, 7, 11, 8, 6, 12, 4, 9, 10, 14, 15, 16]
[0, 0, 0, 0, 0, 0, 4, 0, 0, 8, 0, 7, 0, 10, 13, 16]
[0, 4, 4, 8, 2, 7, 6, 2, 4, 10, 2, 16, 5, 13, 15, 16]
------------------------我是分割线--------------------------------
[0, 0, 0, 0, 0, 0, 4, 0, 0, 8, 0, 7, 0, 10, 13, 16]
 [0, 4, 4, 8, 2, 7, 6, 2, 4, 10, 2, 16, 5, 13, 15, 16]
 [27, 27, 15, 15, 14, 12, 3, 3, 7, 7, 2, 2, 2, 10, 10, 0]
 [21, 21, 12, 12, 7, 7, 7, 2, 2, 2, 2, 2, 2, 2, 2, 2]



disrution_start: 2 disruption_end 4
[1] [2, 3, 4, 6] [] [5, 7, 8, 9, 10, 11, 12, 13, 14, 15, 16]
reschedul_list [5, 7, 8, 9, 10, 11, 12, 13, 14, 15, 16, 2, 3, 4, 6]
min(exceed_resource) 84
group: [35, 49]
[1, 1, 2, 2, 3, 1, 1, 2, 1, 1, 3, 3, 1, 1, 1]
[5, 9, 13, 11, 3, 4, 10, 2, 8, 14, 7, 15, 6, 12, 16]
[0, 0, 0, 0, 0, 0, 4, 0, 0, 7, 0, 6, 0, 9, 12, 15]
[0, 4, 3, 7, 2, 6, 6, 2, 4, 9, 2, 15, 5, 12, 14, 15]
------------------------我是分割线--------------------------------
[0, 0, 0, 0, 0, 0, 4, 0, 0, 7, 0, 6, 0, 9, 12, 15]
 [0, 4, 3, 7, 2, 6, 6, 2, 4, 9, 2, 15, 5, 12, 14, 15]
 [27, 27, 15, 15, 14, 12, 3, 7, 7, 2, 2, 2, 10, 10, 0]
 [21, 21, 12, 8, 7, 7, 2, 2, 2, 2, 2, 2, 2, 2, 2]



disrution_start: 3 disruption_end 5
[1] [2, 3, 4, 6] [8, 13] [5, 7, 9, 10, 11, 12, 14, 15, 16]
reschedul_list [8, 13, 5, 7, 9, 10, 11, 12, 14, 15, 16, 2, 3, 4, 6]
min(exceed_resource) 93
group: [47, 46]
[1, 2, 3, 2, 3, 1, 1, 2, 1, 1, 2, 3, 1, 1, 1]
[5, 4, 10, 9, 6, 11, 13, 8, 3, 14, 15, 2, 7, 12, 16]
[0, 0, 0, 0, 0, 0, 4, 0, 0, 6, 0, 6, 0, 8, 11, 13]
[0, 4, 2, 6, 2, 5, 6, 2, 4, 8, 2, 10, 5, 11, 13, 13]
------------------------我是分割线--------------------------------
[0, 0, 0, 0, 0, 0, 4, 0, 0, 6, 0, 6, 0, 8, 11, 13]
 [0, 4, 2, 6, 2, 5, 6, 2, 4, 8, 2, 10, 5, 11, 13, 13]
 [24, 24, 12, 12, 11, 9, 7, 7, 2, 2, 2, 10, 10]
 [24, 24, 11, 11, 10, 3, 2, 2, 2, 2, 0, 0, 0]






 disrution_start: 4 disruption_end 6
[1, 2] [3, 4, 6] [8, 13] [5, 7, 9, 10, 11, 12, 14, 15, 16]
reschedul_list [8, 13, 5, 7, 9, 10, 11, 12, 14, 15, 16, 3, 4, 6]
min(exceed_resource) 63
group: [32, 31]
[2, 2, 2, 3, 1, 1, 2, 1, 1, 1, 3, 1, 1, 1]
[9, 6, 4, 5, 13, 8, 11, 10, 14, 15, 3, 7, 12, 16]
[0, 0, 0, 0, 0, 0, 1, 0, 0, 5, 0, 4, 0, 7, 10, 12]
[0, 0, 1, 5, 2, 4, 3, 2, 4, 7, 2, 8, 5, 10, 12, 12]
------------------------我是分割线--------------------------------
[0, 0, 0, 0, 0, 0, 1, 0, 0, 5, 0, 4, 0, 7, 10, 12]
 [0, 0, 1, 5, 2, 4, 3, 2, 4, 7, 2, 8, 5, 10, 12, 12]
 [17, 26, 14, 5, 5, 7, 7, 2, 2, 2, 10, 10]
 [21, 17, 8, 8, 2, 2, 2, 2, 0, 0, 0, 0]


disrution_start: 5 disruption_end 7
[1, 2, 3] [4, 6, 8, 13] [7] [5, 9, 10, 11, 12, 14, 15, 16]
reschedul_list [7, 5, 9, 10, 11, 12, 14, 15, 16, 4, 6, 8, 13]
min(exceed_resource) 54
group: [28, 26]
[3, 2, 2, 1, 3, 2, 1, 1, 3, 3, 1, 1, 1]
[9, 7, 11, 4, 5, 10, 6, 8, 13, 14, 15, 12, 16]
[0, 0, 0, 0, 0, 0, 0, 0, 0, 4, 0, 3, 0, 6, 9, 12]
[0, 0, 0, 4, 2, 3, 2, 1, 4, 6, 2, 12, 4, 9, 11, 12]
------------------------我是分割线--------------------------------
[0, 0, 0, 0, 0, 0, 0, 0, 0, 4, 0, 3, 0, 6, 9, 12]
 [0, 0, 0, 4, 2, 3, 2, 1, 4, 6, 2, 12, 4, 9, 11, 12]
 [27, 23, 9, 2, 7, 7, 2, 2, 2, 10, 10, 0]
 [13, 13, 4, 6, 2, 2, 2, 2, 2, 2, 2, 2]




disrution_start: 6 disruption_end 8
[1, 2, 3, 8] [4, 6, 13] [7] [5, 9, 10, 11, 12, 14, 15, 16]
reschedul_list [7, 5, 9, 10, 11, 12, 14, 15, 16, 4, 6, 13]
min(exceed_resource) 51
group: [29, 22]
[2, 2, 2, 1, 2, 1, 3, 3, 3, 1, 1, 1]
[13, 7, 9, 6, 4, 12, 5, 11, 10, 14, 15, 16]
[0, 0, 0, 0, 0, 0, 0, 0, 0, 3, 0, 2, 0, 5, 8, 11]
[0, 0, 0, 3, 2, 2, 2, 0, 4, 5, 5, 11, 3, 8, 10, 11]
------------------------我是分割线--------------------------------
[0, 0, 0, 0, 0, 0, 0, 0, 0, 3, 0, 2, 0, 5, 8, 11]
 [0, 0, 0, 3, 2, 2, 2, 0, 4, 5, 5, 11, 3, 8, 10, 11]
 [21, 21, 5, 7, 7, 2, 2, 2, 10, 10, 0]
 [15, 15, 8, 8, 7, 2, 2, 2, 2, 2, 2]



disrution_start: 7 disruption_end 9
[1, 2, 3, 8] [4, 6, 7, 13] [5, 9] [10, 11, 12, 14, 15, 16]
reschedul_list [5, 9, 10, 11, 12, 14, 15, 16, 4, 6, 7, 13]
min(exceed_resource) 51
group: [36, 15]
[3, 2, 2, 1, 2, 1, 1, 1, 3, 1, 1, 1]
[11, 4, 6, 5, 9, 13, 10, 14, 7, 15, 12, 16]
[0, 0, 0, 0, 0, 0, 0, 0, 0, 2, 0, 2, 0, 4, 7, 9]
[0, 0, 0, 2, 2, 1, 2, 0, 4, 4, 2, 6, 2, 7, 9, 9]
------------------------我是分割线--------------------------------
[0, 0, 0, 0, 0, 0, 0, 0, 0, 2, 0, 2, 0, 4, 7, 9]
 [0, 0, 0, 2, 2, 1, 2, 0, 4, 4, 2, 6, 2, 7, 9, 9]
 [23, 16, 7, 7, 2, 2, 2, 10, 10]
 [13, 13, 3, 3, 2, 2, 0, 0, 0]



 disrution_start: 8 disruption_end 10
[1, 2, 3, 6, 7, 8] [4, 13] [5, 9] [10, 11, 12, 14, 15, 16]
reschedul_list [5, 9, 10, 11, 12, 14, 15, 16, 4, 13]
min(exceed_resource) 25
group: [24, 1]
[2, 2, 1, 1, 1, 3, 3, 1, 1, 1]
[5, 9, 11, 13, 4, 10, 14, 12, 15, 16]
[0, 0, 0, 0, 0, 0, 0, 0, 0, 2, 0, 0, 0, 4, 7, 9]
[0, 0, 0, 1, 2, 0, 0, 0, 2, 4, 2, 9, 1, 7, 9, 9]
------------------------我是分割线--------------------------------
[0, 0, 0, 0, 0, 0, 0, 0, 0, 2, 0, 0, 0, 4, 7, 9]
 [0, 0, 0, 1, 2, 0, 0, 0, 2, 4, 2, 9, 1, 7, 9, 9]
 [15, 10, 7, 7, 2, 2, 2, 10, 10]
 [11, 11, 2, 2, 2, 2, 2, 2, 2]


