disrution_start: 1 disruption_end 3
[1] [2, 3] [5, 7] [4, 6, 8, 9, 10, 11, 12, 13, 14, 15, 16, 17, 18, 19, 20]
reschedul_list [5, 7, 4, 6, 8, 9, 10, 11, 12, 13, 14, 15, 16, 17, 18, 19, 20, 2, 3]
min(exceed_resource) 55
group: [52, 3]
[1, 1, 3, 1, 1, 1, 2, 1, 1, 1, 2, 1, 2, 2, 3, 2, 1, 1, 1]
[4, 3, 2, 6, 9, 5, 8, 11, 15, 7, 10, 17, 14, 12, 13, 16, 18, 19, 20]
[0, 0, 0, 0, 2, 6, 2, 3, 3, 3, 9, 13, 17, 9, 9, 18, 5, 17, 24, 26]
[0, 2, 3, 6, 3, 9, 3, 9, 5, 8, 13, 17, 18, 13, 12, 24, 12, 18, 26, 26]
------------------------我是分割线--------------------------------
[0, 3, 3, 3, 5, 9, 5, 6, 6, 6, 12, 16, 20, 12, 12, 21, 8, 20, 27, 29]
 [0, 5, 6, 9, 6, 12, 6, 12, 8, 11, 16, 20, 21, 16, 15, 27, 15, 21, 29, 29]
[5, 5, 10, 8, 8, 3, 11, 11, 8, 12, 12, 12, 5, 0, 0, 0, 0, 0, 5, 5, 5, 5, 5, 5, 0, 0]
 [8, 8, 11, 8, 8, 10, 5, 5, 5, 11, 11, 11, 9, 9, 9, 9, 9, 11, 0, 0, 0, 0, 0, 0, 6, 6]
算法时间： 18.866079092025757 s




disrution_start: 2 disruption_end 4
[1, 2] [3] [4, 5, 7] [6, 8, 9, 10, 11, 12, 13, 14, 15, 16, 17, 18, 19, 20]
reschedul_list [4, 5, 7, 6, 8, 9, 10, 11, 12, 13, 14, 15, 16, 17, 18, 19, 20, 3]
min(exceed_resource) 37
group: [34, 3]
[1, 2, 1, 1, 2, 2, 1, 1, 1, 1, 1, 3, 1, 2, 1, 1, 1, 1]
[7, 10, 3, 4, 6, 5, 8, 14, 11, 12, 9, 13, 16, 15, 17, 18, 19, 20]
[0, 0, 0, 0, 0, 5, 0, 2, 2, 1, 8, 12, 15, 8, 8, 16, 4, 15, 22, 24]
[0, 0, 2, 5, 1, 8, 1, 8, 4, 6, 12, 15, 16, 15, 11, 22, 8, 16, 24, 24]
------------------------我是分割线--------------------------------
[0, 0, 4, 4, 4, 9, 4, 6, 6, 5, 12, 16, 19, 12, 12, 20, 8, 19, 26, 28]
 [0, 2, 6, 9, 5, 12, 5, 12, 8, 10, 16, 19, 20, 19, 15, 26, 12, 20, 28, 28]
[2, 5, 10, 10, 5, 11, 8, 8, 5, 5, 5, 5, 1, 1, 1, 0, 1, 1, 1, 1, 1, 1, 0, 0]
 [10, 3, 3, 3, 8, 8, 8, 8, 12, 12, 12, 8, 8, 8, 8, 11, 0, 0, 0, 0, 0, 0, 6, 6]
算法时间： 27.442569732666016 s


disrution_start: 3 disruption_end 5
[1, 2, 5] [3, 7] [4, 8, 9, 10] [6, 11, 12, 13, 14, 15, 16, 17, 18, 19, 20]
reschedul_list [4, 8, 9, 10, 6, 11, 12, 13, 14, 15, 16, 17, 18, 19, 20, 3, 7]
exced_cost2 [47, 47, 50, 47, 47, 52, 50, 62, 50, 51, 47, 47, 54, 47, 47, 51, 51, 47, 51, 50, 63, 47, 48, 48, 47, 69, 48, 47, 50, 51, 47, 47, 52, 47, 47, 51, 47, 50, 50, 60, 55, 54, 47, 65, 49, 47, 48, 48, 47, 50, 48, 47, 48, 64, 48, 50, 50, 50, 47, 47, 47, 47, 49, 51, 48, 47, 50, 50, 53, 47, 54, 51, 50, 50, 48, 50, 48, 47, 47, 50, 47, 51, 51, 50, 50, 50, 50, 51, 47, 47, 48, 50, 50, 50, 47, 50, 47, 48, 50, 48]
min(exceed_resource) 47
group: [42, 5]
[2, 1, 1, 1, 2, 1, 1, 1, 1, 1, 2, 2, 1, 2, 1, 1, 1]
[7, 3, 10, 8, 11, 4, 6, 12, 9, 13, 16, 17, 19, 14, 15, 18, 20]
[0, 0, 0, 0, 0, 5, 0, 1, 1, 1, 7, 11, 14, 8, 8, 15, 3, 14, 21, 23]
[0, 0, 1, 5, 0, 8, 1, 7, 3, 6, 11, 14, 15, 12, 11, 21, 10, 15, 23, 23]
------------------------我是分割线--------------------------------
[0, 0, 5, 5, 2, 10, 5, 6, 6, 6, 12, 16, 19, 13, 13, 20, 8, 19, 26, 28]
 [0, 2, 6, 10, 3, 13, 6, 12, 8, 11, 16, 19, 20, 17, 16, 26, 15, 20, 28, 28]
[10, 8, 8, 3, 3, 11, 8, 13, 12, 12, 12, 1, 1, 1, 0, 0, 0, 0, 0, 0, 0, 0, 0]
 [11, 8, 8, 10, 10, 5, 5, 2, 11, 11, 9, 9, 0, 0, 11, 2, 2, 2, 2, 2, 2, 6, 6]
算法时间： 15.265873193740845 s




disrution_start: 4 disruption_end 6
[1, 2, 3, 5, 7] [4] [8, 9, 10] [6, 11, 12, 13, 14, 15, 16, 17, 18, 19, 20]
reschedul_list [8, 9, 10, 6, 11, 12, 13, 14, 15, 16, 17, 18, 19, 20, 4]
min(exceed_resource) 36
group: [30, 6]
[2, 1, 2, 1, 1, 1, 1, 1, 2, 2, 1, 1, 3, 1, 1]
[9, 17, 4, 10, 8, 6, 11, 12, 14, 13, 15, 16, 18, 19, 20]
[0, 0, 0, 0, 0, 5, 0, 0, 0, 0, 6, 10, 13, 8, 8, 14, 2, 13, 20, 22]
[0, 0, 0, 5, 0, 8, 0, 6, 2, 5, 10, 13, 14, 12, 11, 20, 6, 17, 22, 22]
------------------------我是分割线--------------------------------
[0, 0, 0, 6, 2, 11, 2, 6, 6, 6, 12, 16, 19, 14, 14, 20, 8, 19, 26, 28]
 [0, 2, 4, 11, 3, 14, 4, 12, 8, 11, 16, 19, 20, 18, 17, 26, 12, 23, 28, 28]
[10, 10, 5, 5, 5, 8, 13, 13, 12, 12, 8, 1, 1, 0, 0, 0, 0, 0, 0, 0, 0, 0]
 [3, 3, 8, 8, 8, 8, 0, 0, 9, 9, 9, 9, 0, 11, 9, 9, 9, 2, 2, 2, 6, 6]
算法时间： 14.191811561584473 s




disrution_start: 5 disruption_end 7
[1, 2, 3, 5, 7] [4, 8, 9, 10] [] [6, 11, 12, 13, 14, 15, 16, 17, 18, 19, 20]
reschedul_list [6, 11, 12, 13, 14, 15, 16, 17, 18, 19, 20, 4, 8, 9, 10]
min(exceed_resource) 39
group: [33, 6]
[1, 1, 2, 1, 1, 1, 1, 1, 2, 2, 1, 2, 2, 1, 1]
[4, 9, 10, 8, 11, 12, 17, 6, 13, 14, 16, 15, 18, 19, 20]
[0, 0, 0, 0, 0, 4, 0, 0, 0, 0, 5, 9, 12, 7, 7, 13, 2, 12, 19, 21]
[0, 0, 0, 4, 0, 7, 0, 5, 2, 4, 9, 12, 13, 11, 10, 19, 9, 14, 21, 21]
------------------------我是分割线--------------------------------
[0, 0, 0, 7, 2, 11, 2, 7, 7, 7, 12, 16, 19, 14, 14, 20, 9, 19, 26, 28]
 [0, 2, 4, 11, 3, 14, 4, 12, 9, 11, 16, 19, 20, 18, 17, 26, 16, 21, 28, 28]
[8, 8, 3, 3, 8, 13, 13, 12, 12, 8, 1, 1, 7, 7, 0, 0, 0, 0, 0, 0, 0]
 [8, 8, 10, 10, 5, 2, 2, 11, 11, 9, 9, 0, 4, 2, 2, 2, 2, 2, 2, 6, 6]
算法时间： 14.414824485778809 s



disrution_start: 6 disruption_end 8
[1, 2, 3, 5, 7, 9] [4, 8, 10] [] [6, 11, 12, 13, 14, 15, 16, 17, 18, 19, 20]
reschedul_list [6, 11, 12, 13, 14, 15, 16, 17, 18, 19, 20, 4, 8, 10]
min(exceed_resource) 30
group: [24, 6]
[2, 1, 2, 1, 1, 1, 1, 2, 2, 3, 1, 1, 1, 1]
[10, 8, 17, 4, 6, 15, 14, 11, 12, 13, 16, 18, 19, 20]
[0, 0, 0, 0, 0, 3, 0, 0, 0, 0, 4, 8, 11, 6, 6, 12, 0, 11, 18, 20]
[0, 0, 0, 3, 0, 6, 0, 4, 0, 3, 8, 11, 12, 10, 9, 18, 4, 12, 20, 20]
------------------------我是分割线--------------------------------
[0, 0, 0, 8, 2, 11, 2, 8, 4, 8, 12, 16, 19, 14, 14, 20, 8, 19, 26, 28]
 [0, 2, 4, 11, 3, 14, 4, 12, 6, 11, 16, 19, 20, 18, 17, 26, 12, 20, 28, 28]
[5, 5, 5, 8, 13, 13, 12, 12, 8, 1, 1, 0, 5, 5, 5, 5, 5, 5, 0, 0]
 [8, 8, 8, 8, 0, 0, 9, 9, 9, 9, 0, 11, 0, 0, 0, 0, 0, 0, 6, 6]
算法时间： 13.20775556564331 s




disrution_start: 7 disruption_end 9
[1, 2, 3, 5, 7, 9] [4, 8, 10] [] [6, 11, 12, 13, 14, 15, 16, 17, 18, 19, 20]
reschedul_list [6, 11, 12, 13, 14, 15, 16, 17, 18, 19, 20, 4, 8, 10]
min(exceed_resource) 30
group: [24, 6]
[2, 1, 2, 1, 1, 1, 1, 2, 2, 1, 2, 1, 1, 1]
[4, 8, 10, 17, 11, 6, 12, 15, 13, 16, 14, 18, 19, 20]
[0, 0, 0, 0, 0, 2, 0, 0, 0, 0, 3, 7, 10, 5, 5, 11, 0, 10, 17, 19]
[0, 0, 0, 2, 0, 5, 0, 3, 0, 2, 7, 10, 11, 9, 8, 17, 7, 11, 19, 19]
------------------------我是分割线--------------------------------
[0, 0, 0, 9, 2, 11, 2, 9, 4, 9, 12, 16, 19, 14, 14, 20, 9, 19, 26, 28]
 [0, 2, 4, 11, 3, 14, 4, 12, 6, 11, 16, 19, 20, 18, 17, 26, 16, 20, 28, 28]
[5, 5, 8, 13, 13, 12, 12, 8, 1, 1, 0, 0, 0, 0, 0, 0, 0, 0, 0]
 [5, 5, 5, 2, 2, 11, 11, 9, 9, 0, 11, 2, 2, 2, 2, 2, 2, 6, 6]
算法时间： 13.252758026123047 s




disrution_start: 8 disruption_end 10
[1, 2, 3, 5, 7, 9] [4, 8, 10] [] [6, 11, 12, 13, 14, 15, 16, 17, 18, 19, 20]
reschedul_list [6, 11, 12, 13, 14, 15, 16, 17, 18, 19, 20, 4, 8, 10]
min(exceed_resource) 30
group: [24, 6]
[2, 1, 2, 1, 1, 1, 1, 2, 2, 3, 1, 1, 1, 1]
[10, 8, 17, 4, 6, 14, 11, 12, 15, 13, 16, 18, 19, 20]
[0, 0, 0, 0, 0, 1, 0, 0, 0, 0, 2, 6, 9, 4, 4, 10, 0, 9, 16, 18]
[0, 0, 0, 1, 0, 4, 0, 2, 0, 1, 6, 9, 10, 8, 7, 16, 4, 10, 18, 18]
------------------------我是分割线--------------------------------
[0, 0, 0, 10, 2, 11, 2, 10, 4, 10, 12, 16, 19, 14, 14, 20, 10, 19, 26, 28]
 [0, 2, 4, 11, 3, 14, 4, 12, 6, 11, 16, 19, 20, 18, 17, 26, 14, 20, 28, 28]
[5, 8, 13, 13, 12, 12, 8, 1, 1, 0, 5, 5, 5, 5, 5, 5, 0, 0]
 [8, 8, 5, 5, 9, 9, 9, 9, 0, 11, 0, 0, 0, 0, 0, 0, 6, 6]
算法时间： 13.018744707107544 s



disrution_start: 9 disruption_end 11
[1, 2, 3, 4, 5, 7, 9, 10] [8] [6, 11] [12, 13, 14, 15, 16, 17, 18, 19, 20]
reschedul_list [6, 11, 12, 13, 14, 15, 16, 17, 18, 19, 20, 8]
min(exceed_resource) 16
group: [10, 6]
[1, 2, 1, 1, 1, 2, 2, 1, 2, 1, 1, 1]
[8, 6, 11, 15, 14, 12, 18, 13, 17, 16, 19, 20]
[0, 0, 0, 0, 0, 0, 0, 0, 0, 0, 1, 5, 8, 3, 3, 9, 0, 8, 15, 17]
[0, 0, 0, 0, 0, 3, 0, 1, 0, 0, 5, 8, 9, 7, 6, 15, 7, 9, 17, 17]
------------------------我是分割线--------------------------------
[0, 0, 0, 3, 2, 11, 2, 11, 4, 4, 12, 16, 19, 14, 14, 20, 11, 19, 26, 28]
 [0, 2, 4, 9, 3, 14, 4, 12, 6, 9, 16, 19, 20, 18, 17, 26, 18, 20, 28, 28]
[8, 13, 13, 12, 12, 8, 1, 1, 0, 0, 0, 0, 0, 0, 0, 0, 0]
 [5, 2, 2, 11, 11, 11, 11, 0, 11, 2, 2, 2, 2, 2, 2, 6, 6]
算法时间： 11.366650104522705 s



disrution_start: 10 disruption_end 12
[1, 2, 3, 4, 5, 7, 8, 9, 10] [] [6, 11] [12, 13, 14, 15, 16, 17, 18, 19, 20]
reschedul_list [6, 11, 12, 13, 14, 15, 16, 17, 18, 19, 20]
min(exceed_resource) 13
group: [6, 7]
[1, 1, 1, 1, 2, 2, 1, 2, 3, 1, 1]
[11, 12, 6, 17, 13, 16, 15, 19, 14, 18, 20]
[0, 0, 0, 0, 0, 0, 0, 0, 0, 0, 0, 4, 7, 3, 3, 8, 0, 7, 14, 16]
[0, 0, 0, 0, 0, 3, 0, 0, 0, 0, 4, 7, 8, 7, 6, 14, 7, 11, 16, 16]
------------------------我是分割线--------------------------------
[0, 0, 0, 3, 2, 12, 2, 4, 4, 4, 12, 16, 19, 15, 15, 20, 12, 19, 26, 28]
 [0, 2, 4, 9, 3, 15, 4, 10, 6, 9, 16, 19, 20, 19, 18, 26, 19, 23, 28, 28]
[13, 13, 13, 12, 8, 8, 1, 0, 0, 0, 0, 0, 0, 0, 0, 0]
 [2, 2, 2, 11, 11, 11, 11, 11, 9, 9, 9, 2, 2, 2, 6, 6]
算法时间： 12.023687601089478 s



disrution_start: 11 disruption_end 13
[1, 2, 3, 4, 5, 7, 8, 9, 10] [6, 11] [] [12, 13, 14, 15, 16, 17, 18, 19, 20]
reschedul_list [12, 13, 14, 15, 16, 17, 18, 19, 20, 6, 11]
min(exceed_resource) 21
group: [20, 1]
[3, 2, 1, 1, 1, 1, 1, 3, 2, 1, 1]
[11, 12, 17, 6, 14, 13, 16, 19, 15, 18, 20]
[0, 0, 0, 0, 0, 0, 0, 0, 0, 0, 0, 3, 6, 5, 5, 7, 0, 8, 13, 15]
[0, 0, 0, 0, 0, 5, 0, 0, 0, 0, 3, 6, 7, 8, 8, 13, 9, 10, 15, 15]
------------------------我是分割线--------------------------------
[0, 0, 0, 3, 2, 13, 2, 4, 4, 4, 13, 16, 19, 18, 18, 20, 13, 21, 26, 28]
 [0, 2, 4, 9, 3, 18, 4, 10, 6, 9, 16, 19, 20, 21, 21, 26, 22, 23, 28, 28]
[8, 8, 8, 4, 4, 12, 11, 11, 10, 7, 0, 0, 0, 0, 0]
 [10, 10, 10, 10, 10, 4, 8, 6, 2, 2, 2, 2, 2, 6, 6]
算法时间： 11.64966630935669 s



disrution_start: 12 disruption_end 14
[1, 2, 3, 4, 5, 7, 8, 9, 10] [6, 11] [] [12, 13, 14, 15, 16, 17, 18, 19, 20]
reschedul_list [12, 13, 14, 15, 16, 17, 18, 19, 20, 6, 11]
min(exceed_resource) 21
group: [20, 1]
[3, 2, 1, 1, 1, 1, 1, 3, 1, 1, 1]
[17, 6, 15, 11, 14, 12, 18, 13, 16, 19, 20]
[0, 0, 0, 0, 0, 0, 0, 0, 0, 0, 0, 2, 5, 4, 4, 6, 0, 7, 12, 14]
[0, 0, 0, 0, 0, 4, 0, 0, 0, 0, 2, 5, 6, 7, 7, 12, 9, 8, 14, 14]
------------------------我是分割线--------------------------------
[0, 0, 0, 3, 2, 14, 2, 4, 4, 4, 14, 16, 19, 18, 18, 20, 14, 21, 26, 28]
 [0, 2, 4, 9, 3, 18, 4, 10, 6, 9, 16, 19, 20, 21, 21, 26, 23, 22, 28, 28]
[8, 8, 4, 4, 12, 11, 11, 3, 3, 0, 0, 0, 0, 0]
 [10, 10, 10, 10, 4, 8, 6, 9, 2, 2, 2, 2, 6, 6]
算法时间： 11.053632259368896 s




disrution_start: 13 disruption_end 15
[1, 2, 3, 4, 5, 7, 8, 9, 10] [6, 11] [] [12, 13, 14, 15, 16, 17, 18, 19, 20]
reschedul_list [12, 13, 14, 15, 16, 17, 18, 19, 20, 6, 11]
完成一次初始化搜索
exced_cost2 [21, 21, 21, 21, 21, 21, 21, 21, 22, 21, 21, 21, 21, 22, 22, 21, 21, 21, 21, 21, 22, 21, 21, 21, 21, 21, 22, 21, 21, 21, 21, 21, 21, 21, 22, 21, 21, 21, 21, 21, 21, 21, 21, 21, 22, 21, 22, 21, 21, 21, 21, 21, 21, 21, 21, 21, 22, 21, 21, 21, 21, 21, 22, 25, 21, 21, 21, 21, 21, 21, 21, 22, 21, 21, 21, 21, 23, 21, 21, 22, 21, 21, 21, 21, 21, 21, 22, 21, 21, 21, 21, 21, 21, 21, 21, 21, 21, 22, 21, 21]
min(exceed_resource) 21
group: [20, 1]
[2, 2, 1, 1, 1, 1, 1, 3, 1, 1, 1]
[6, 14, 15, 17, 11, 12, 13, 18, 16, 19, 20]
[0, 0, 0, 0, 0, 0, 0, 0, 0, 0, 0, 1, 4, 3, 3, 5, 0, 6, 11, 13]
[0, 0, 0, 0, 0, 3, 0, 0, 0, 0, 1, 4, 5, 6, 6, 11, 9, 7, 13, 13]
------------------------我是分割线--------------------------------
[0, 0, 0, 3, 2, 15, 2, 4, 4, 4, 15, 16, 19, 18, 18, 20, 15, 21, 26, 28]
 [0, 2, 4, 9, 3, 18, 4, 10, 6, 9, 16, 19, 20, 21, 21, 26, 24, 22, 28, 28]
[8, 4, 4, 12, 11, 11, 3, 3, 3, 0, 0, 0, 0]
 [10, 10, 10, 4, 8, 6, 9, 2, 2, 2, 2, 6, 6]
算法时间： 11.15863823890686 s



disrution_start: 14 disruption_end 16
[1, 2, 3, 4, 5, 7, 8, 9, 10, 11] [6] [] [12, 13, 14, 15, 16, 17, 18, 19, 20]
reschedul_list [12, 13, 14, 15, 16, 17, 18, 19, 20, 6]
min(exceed_resource) 14
group: [14, 0]
[1, 1, 1, 1, 1, 1, 2, 1, 1, 1]
[12, 6, 17, 14, 13, 15, 18, 16, 19, 20]
[0, 0, 0, 0, 0, 0, 0, 0, 0, 0, 0, 0, 3, 2, 2, 4, 0, 5, 10, 12]
[0, 0, 0, 0, 0, 2, 0, 0, 0, 0, 0, 3, 4, 5, 5, 10, 7, 6, 12, 12]
------------------------我是分割线--------------------------------
[0, 0, 0, 3, 2, 16, 2, 4, 4, 4, 10, 16, 19, 18, 18, 20, 16, 21, 26, 28]
 [0, 2, 4, 9, 3, 18, 4, 10, 6, 9, 14, 19, 20, 21, 21, 26, 23, 22, 28, 28]
[9, 9, 9, 8, 8, 0, 0, 0, 0, 0, 0, 0]
 [2, 2, 6, 10, 8, 11, 4, 2, 2, 2, 6, 6]
算法时间： 10.95362663269043 s




disrution_start: 15 disruption_end 17
[1, 2, 3, 4, 5, 7, 8, 9, 10, 11] [6] [12, 15] [13, 14, 16, 17, 18, 19, 20]
reschedul_list [12, 15, 13, 14, 16, 17, 18, 19, 20, 6]
min(exceed_resource) 14
group: [14, 0]
[1, 1, 1, 1, 1, 3, 2, 1, 1, 1]
[17, 6, 12, 13, 16, 14, 15, 18, 19, 20]
[0, 0, 0, 0, 0, 0, 0, 0, 0, 0, 0, 0, 3, 1, 1, 4, 0, 4, 10, 12]
[0, 0, 0, 0, 0, 1, 0, 0, 0, 0, 0, 3, 4, 4, 4, 10, 7, 5, 12, 12]
------------------------我是分割线--------------------------------
[0, 0, 0, 3, 2, 17, 2, 4, 4, 4, 10, 17, 20, 18, 18, 21, 17, 21, 27, 29]
 [0, 2, 4, 9, 3, 18, 4, 10, 6, 9, 14, 20, 21, 21, 21, 27, 24, 22, 29, 29]
[9, 9, 9, 8, 5, 5, 5, 5, 5, 5, 0, 0]
 [2, 6, 6, 10, 9, 2, 2, 0, 0, 0, 6, 6]
算法时间： 11.878679752349854 s