

disrution_start: 1 disruption_end 3
[1, 3] [2, 4] [5, 6, 11] [7, 8, 9, 10, 12, 13, 14, 15, 16, 17, 18, 19, 20, 21, 22]
reschedul_list [5, 6, 11, 7, 8, 9, 10, 12, 13, 14, 15, 16, 17, 18, 19, 20, 21, 22, 2, 4]
min(exceed_resource) 41
group: [41, 0]
[1, 3, 1, 1, 1, 3, 1, 1, 1, 1, 1, 1, 1, 1, 2, 3, 1, 1, 2, 1]
[2, 6, 4, 11, 7, 14, 18, 5, 9, 8, 13, 15, 17, 10, 20, 12, 16, 21, 19, 22]
[0, 0, 0, 0, 0, 2, 3, 4, 2, 7, 0, 9, 7, 3, 9, 7, 4, 6, 13, 16, 12, 20]
[0, 2, 0, 5, 2, 3, 4, 7, 7, 9, 3, 12, 9, 6, 10, 11, 13, 16, 17, 17, 20, 20]
------------------------我是分割线--------------------------------
[0, 3, 0, 3, 3, 5, 6, 7, 5, 10, 3, 12, 10, 6, 12, 10, 7, 9, 16, 19, 15, 23]
 [0, 5, 1, 8, 5, 6, 7, 10, 10, 12, 6, 15, 12, 9, 13, 14, 16, 19, 20, 20, 23, 23]
[0, 0, 0, 6, 10, 10, 9, 12, 12, 5, 5, 5, 11, 14, 14, 14, 9, 6, 6, 6]
 [16, 16, 19, 21, 20, 18, 18, 19, 19, 18, 17, 13, 9, 0, 0, 0, 5, 0, 0, 0]
算法时间： 16.76608109474182 s


disrution_start: 2 disruption_end 4
[1, 2, 3] [4, 5, 11] [6, 7] [8, 9, 10, 12, 13, 14, 15, 16, 17, 18, 19, 20, 21, 22]
reschedul_list [6, 7, 8, 9, 10, 12, 13, 14, 15, 16, 17, 18, 19, 20, 21, 22, 4, 5, 11]
min(exceed_resource) 48
group: [48, 0]
[3, 1, 1, 1, 1, 1, 1, 1, 1, 1, 1, 1, 1, 3, 1, 1, 1, 2, 1]
[5, 11, 9, 4, 14, 13, 10, 6, 7, 8, 18, 12, 15, 17, 20, 19, 16, 21, 22]
[0, 0, 0, 0, 0, 0, 1, 2, 2, 7, 0, 9, 7, 2, 9, 7, 2, 5, 12, 15, 12, 20]
[0, 0, 0, 4, 2, 1, 2, 3, 7, 9, 2, 12, 9, 5, 10, 11, 12, 15, 16, 16, 20, 20]
------------------------我是分割线--------------------------------
[0, 0, 0, 4, 4, 4, 5, 6, 6, 11, 4, 13, 11, 6, 13, 11, 6, 9, 16, 19, 16, 24]
 [0, 2, 1, 8, 6, 5, 6, 7, 11, 13, 6, 16, 13, 9, 14, 15, 16, 19, 20, 20, 24, 24]
[0, 0, 13, 6, 6, 1, 1, 8, 8, 1, 1, 1, 10, 10, 10, 9, 6, 6, 6, 6]
 [13, 19, 19, 19, 17, 17, 17, 18, 18, 17, 16, 12, 0, 0, 0, 5, 0, 0, 0, 0]
算法时间： 16.927090406417847 s


disrution_start: 3 disruption_end 5
[1, 2, 3, 6] [4, 5, 11] [7, 9, 14] [8, 10, 12, 13, 15, 16, 17, 18, 19, 20, 21, 22]
reschedul_list [7, 9, 14, 8, 10, 12, 13, 15, 16, 17, 18, 19, 20, 21, 22, 4, 5, 11]
min(exceed_resource) 60
group: [60, 0]
[3, 1, 1, 3, 1, 1, 3, 1, 1, 1, 1, 1, 2, 2, 1, 1, 1, 1]
[5, 7, 17, 11, 14, 9, 8, 4, 13, 10, 15, 16, 12, 18, 21, 20, 19, 22]
[0, 0, 0, 0, 0, 0, 0, 1, 2, 7, 0, 9, 7, 1, 9, 7, 2, 4, 12, 14, 12, 16]
[0, 0, 0, 3, 2, 0, 1, 4, 7, 9, 1, 12, 9, 4, 10, 11, 11, 14, 16, 15, 14, 16]
------------------------我是分割线--------------------------------
[0, 0, 0, 5, 5, 2, 5, 6, 7, 12, 5, 14, 12, 6, 14, 12, 7, 9, 17, 19, 17, 21]
 [0, 2, 1, 8, 7, 3, 6, 9, 12, 14, 6, 17, 14, 9, 15, 16, 16, 19, 21, 20, 19, 21]
[1, 10, 10, 10, 0, 0, 0, 7, 7, 0, 0, 0, 10, 10, 3, 3]
 [15, 5, 20, 18, 20, 20, 20, 21, 21, 20, 19, 6, 2, 2, 5, 0]
算法时间： 16.951152801513672 s


disrution_start: 4 disruption_end 6
[1, 2, 3, 5, 6, 11] [4, 7] [9, 14] [8, 10, 12, 13, 15, 16, 17, 18, 19, 20, 21, 22]
reschedul_list [9, 14, 8, 10, 12, 13, 15, 16, 17, 18, 19, 20, 21, 22, 4, 7]
min(exceed_resource) 34
group: [34, 0]
[3, 1, 3, 1, 1, 1, 1, 1, 1, 1, 2, 3, 2, 1, 2, 1]
[9, 14, 10, 4, 12, 13, 7, 8, 17, 16, 15, 21, 19, 18, 20, 22]
[0, 0, 0, 0, 0, 0, 0, 1, 0, 5, 0, 7, 5, 0, 7, 5, 1, 3, 10, 13, 10, 18]
[0, 0, 0, 2, 0, 0, 1, 4, 5, 7, 0, 10, 7, 3, 8, 9, 10, 13, 16, 14, 18, 18]
------------------------我是分割线--------------------------------
[0, 0, 0, 6, 1, 2, 6, 7, 6, 11, 1, 13, 11, 6, 13, 11, 7, 9, 16, 19, 16, 24]
 [0, 2, 1, 8, 4, 3, 7, 10, 11, 13, 4, 16, 13, 9, 14, 15, 16, 19, 22, 20, 24, 24]
[6, 10, 10, 9, 5, 12, 12, 5, 5, 5, 12, 12, 12, 7, 7, 7, 6, 6]
 [21, 20, 18, 18, 18, 19, 19, 18, 17, 13, 0, 0, 0, 5, 0, 0, 0, 0]
算法时间： 15.13813829421997 s



disrution_start: 5 disruption_end 7
[1, 2, 3, 5, 6, 11] [4, 7, 9, 14] [] [8, 10, 12, 13, 15, 16, 17, 18, 19, 20, 21, 22]
reschedul_list [8, 10, 12, 13, 15, 16, 17, 18, 19, 20, 21, 22, 4, 7, 9, 14]
min(exceed_resource) 55
group: [55, 0]
[2, 1, 2, 1, 1, 1, 1, 1, 2, 1, 3, 1, 2, 1, 1, 1]
[4, 9, 10, 7, 14, 8, 17, 12, 16, 13, 18, 19, 20, 15, 21, 22]
[0, 0, 0, 0, 0, 0, 0, 1, 0, 5, 0, 7, 5, 0, 7, 5, 1, 3, 11, 13, 10, 17]
[0, 0, 0, 1, 0, 0, 1, 3, 5, 7, 0, 10, 7, 3, 10, 9, 11, 13, 17, 14, 12, 17]
------------------------我是分割线--------------------------------
[0, 0, 0, 7, 1, 2, 7, 8, 7, 12, 1, 14, 12, 7, 14, 12, 8, 10, 18, 20, 17, 24]
 [0, 2, 1, 8, 4, 3, 8, 10, 12, 14, 4, 17, 14, 10, 17, 16, 18, 20, 24, 21, 19, 24]
[13, 11, 11, 1, 1, 8, 8, 4, 4, 4, 8, 9, 2, 1, 1, 1, 1]
 [19, 17, 17, 17, 17, 18, 18, 16, 16, 12, 8, 0, 0, 5, 0, 0, 0]
算法时间： 15.438171863555908 s



disrution_start: 6 disruption_end 8
[1, 2, 3, 4, 5, 6, 11] [7, 9, 14] [18] [8, 10, 12, 13, 15, 16, 17, 19, 20, 21, 22]
reschedul_list [18, 8, 10, 12, 13, 15, 16, 17, 19, 20, 21, 22, 7, 9, 14]
min(exceed_resource) 72
group: [72, 0]
[1, 1, 1, 1, 1, 1, 1, 1, 1, 3, 3, 1, 1, 2, 1]
[14, 18, 9, 10, 12, 7, 8, 16, 20, 13, 15, 21, 17, 19, 22]
[0, 0, 0, 0, 0, 0, 0, 1, 0, 5, 0, 7, 5, 0, 7, 5, 1, 3, 11, 13, 10, 18]
[0, 0, 0, 0, 0, 0, 1, 2, 5, 7, 0, 10, 7, 3, 8, 9, 11, 13, 15, 14, 18, 18]
------------------------我是分割线--------------------------------
[0, 0, 0, 0, 1, 2, 8, 9, 8, 13, 1, 15, 13, 8, 15, 13, 9, 11, 19, 21, 18, 26]
 [0, 2, 1, 6, 4, 3, 9, 10, 13, 15, 4, 18, 15, 11, 16, 17, 19, 21, 23, 22, 26, 26]
[6, 13, 6, 5, 5, 12, 12, 5, 5, 5, 11, 14, 14, 9, 9, 6, 6, 6]
 [19, 17, 17, 17, 17, 18, 18, 17, 16, 12, 8, 0, 0, 5, 0, 0, 0, 0]
算法时间： 16.314207315444946 s



disrution_start: 7 disruption_end 9
[1, 2, 3, 4, 5, 6, 11, 14] [7, 9] [18] [8, 10, 12, 13, 15, 16, 17, 19, 20, 21, 22]
reschedul_list [18, 8, 10, 12, 13, 15, 16, 17, 19, 20, 21, 22, 7, 9]
min(exceed_resource) 70
group: [70, 0]
[1, 1, 1, 1, 1, 1, 2, 1, 1, 1, 1, 1, 1, 1]
[18, 9, 7, 13, 8, 16, 15, 10, 12, 21, 20, 17, 19, 22]
[0, 0, 0, 0, 0, 0, 0, 1, 0, 5, 0, 7, 5, 0, 7, 5, 1, 0, 10, 10, 10, 14]
[0, 0, 0, 0, 0, 0, 1, 2, 5, 7, 0, 10, 7, 0, 10, 9, 6, 10, 14, 11, 12, 14]
------------------------我是分割线--------------------------------
[0, 0, 0, 0, 1, 2, 9, 10, 9, 14, 1, 16, 14, 4, 16, 14, 10, 9, 19, 19, 19, 23]
 [0, 2, 1, 6, 4, 3, 10, 11, 14, 16, 4, 19, 16, 7, 19, 18, 15, 19, 23, 20, 21, 23]
[1, 15, 8, 8, 8, 15, 8, 4, 4, 4, 10, 10, 3, 3]
 [19, 9, 9, 9, 9, 10, 10, 8, 8, 4, 5, 0, 0, 0]
算法时间： 14.395080327987671 s



disrution_start: 7 disruption_end 9
[1, 2, 3, 4, 5, 6, 11, 14] [7, 9] [18] [8, 10, 12, 13, 15, 16, 17, 19, 20, 21, 22]
reschedul_list [18, 8, 10, 12, 13, 15, 16, 17, 19, 20, 21, 22, 7, 9]
min(exceed_resource) 70
group: [70, 0]
[1, 1, 1, 1, 1, 1, 2, 1, 1, 1, 1, 1, 1, 1]
[18, 9, 7, 13, 8, 16, 15, 10, 12, 21, 20, 17, 19, 22]
[0, 0, 0, 0, 0, 0, 0, 1, 0, 5, 0, 7, 5, 0, 7, 5, 1, 0, 10, 10, 10, 14]
[0, 0, 0, 0, 0, 0, 1, 2, 5, 7, 0, 10, 7, 0, 10, 9, 6, 10, 14, 11, 12, 14]
------------------------我是分割线--------------------------------
[0, 0, 0, 0, 1, 2, 9, 10, 9, 14, 1, 16, 14, 4, 16, 14, 10, 9, 19, 19, 19, 23]
 [0, 2, 1, 6, 4, 3, 10, 11, 14, 16, 4, 19, 16, 7, 19, 18, 15, 19, 23, 20, 21, 23]
[1, 15, 8, 8, 8, 15, 8, 4, 4, 4, 10, 10, 3, 3]
 [19, 9, 9, 9, 9, 10, 10, 8, 8, 4, 5, 0, 0, 0]
算法时间： 14.395080327987671 s


disrution_start: 8 disruption_end 10
[1, 2, 3, 4, 5, 6, 11, 14] [7, 9, 18] [8, 10, 13, 17] [12, 15, 16, 19, 20, 21, 22]
reschedul_list [8, 10, 13, 17, 12, 15, 16, 19, 20, 21, 22, 7, 9, 18]
min(exceed_resource) 96
group: [96, 0]
[1, 1, 1, 1, 1, 1, 1, 1, 1, 1, 1, 1, 1, 1]
[18, 7, 17, 8, 9, 13, 15, 10, 20, 12, 19, 16, 21, 22]
[0, 0, 0, 0, 0, 0, 0, 1, 0, 5, 0, 7, 5, 0, 7, 5, 1, 0, 10, 10, 10, 14]
[0, 0, 0, 0, 0, 0, 1, 2, 5, 7, 0, 10, 7, 0, 8, 9, 6, 10, 14, 11, 12, 14]
------------------------我是分割线--------------------------------
[0, 0, 0, 0, 1, 2, 10, 11, 10, 15, 1, 17, 15, 4, 17, 15, 11, 10, 20, 20, 20, 24]
 [0, 2, 1, 6, 4, 3, 11, 12, 15, 17, 4, 20, 17, 7, 18, 19, 16, 20, 24, 21, 22, 24]
[1, 15, 8, 8, 8, 15, 8, 1, 1, 1, 10, 10, 3, 3]
 [19, 9, 9, 9, 9, 10, 10, 9, 8, 4, 5, 0, 0, 0]
算法时间： 14.398107051849365 s


disrution_start: 8 disruption_end 10
[1, 2, 3, 4, 5, 6, 11, 14] [7, 9, 18] [8, 10, 13, 17] [12, 15, 16, 19, 20, 21, 22]
reschedul_list [8, 10, 13, 17, 12, 15, 16, 19, 20, 21, 22, 7, 9, 18]
min(exceed_resource) 96
group: [96, 0]
[1, 1, 1, 1, 1, 1, 1, 1, 1, 1, 1, 1, 1, 1]
[9, 18, 10, 7, 12, 8, 13, 17, 19, 20, 15, 16, 21, 22]
[0, 0, 0, 0, 0, 0, 0, 1, 0, 5, 0, 7, 5, 0, 7, 5, 1, 0, 10, 10, 10, 14]
[0, 0, 0, 0, 0, 0, 1, 2, 5, 7, 0, 10, 7, 0, 8, 9, 6, 10, 14, 11, 12, 14]
------------------------我是分割线--------------------------------
[0, 0, 0, 0, 1, 2, 10, 11, 10, 15, 1, 17, 15, 4, 17, 15, 11, 10, 20, 20, 20, 24]
 [0, 2, 1, 6, 4, 3, 11, 12, 15, 17, 4, 20, 17, 7, 18, 19, 16, 20, 24, 21, 22, 24]
[1, 15, 8, 8, 8, 15, 8, 1, 1, 1, 10, 10, 3, 3]
 [19, 9, 9, 9, 9, 10, 10, 9, 8, 4, 5, 0, 0, 0]
算法时间： 13.397073984146118 s




disrution_start: 9 disruption_end 11
[1, 2, 3, 4, 5, 6, 7, 9, 11, 14] [18] [8, 10, 13, 17] [12, 15, 16, 19, 20, 21, 22]
reschedul_list [8, 10, 13, 17, 12, 15, 16, 19, 20, 21, 22, 18]
min(exceed_resource) 22
group: [22, 0]
[1, 1, 1, 1, 2, 1, 2, 2, 1, 1, 2, 1]
[18, 8, 10, 16, 20, 13, 12, 17, 15, 19, 21, 22]
[0, 0, 0, 0, 0, 0, 0, 0, 0, 0, 0, 2, 0, 0, 2, 1, 0, 0, 9, 10, 5, 13]
[0, 0, 0, 0, 0, 0, 0, 1, 0, 2, 0, 5, 2, 0, 5, 5, 9, 10, 13, 11, 13, 13]
------------------------我是分割线--------------------------------
[0, 0, 0, 0, 1, 2, 3, 11, 4, 11, 1, 13, 11, 4, 13, 12, 11, 11, 20, 21, 16, 24]
 [0, 2, 1, 6, 4, 3, 9, 12, 9, 13, 4, 16, 13, 7, 16, 16, 20, 21, 24, 22, 24, 24]
[14, 7, 3, 3, 3, 6, 6, 6, 6, 9, 9, 9, 9]
 [17, 21, 19, 19, 19, 11, 11, 11, 11, 2, 5, 0, 0]
算法时间： 13.595138788223267 s




disrution_start: 10 disruption_end 12
[1, 2, 3, 4, 5, 6, 7, 9, 11, 14] [8, 10, 13, 17, 18] [16] [12, 15, 19, 20, 21, 22]
reschedul_list [16, 12, 15, 19, 20, 21, 22, 8, 10, 13, 17, 18]
min(exceed_resource) 44
group: [44, 0]
[1, 1, 1, 3, 1, 1, 1, 1, 1, 1, 3, 1]
[10, 12, 17, 19, 13, 18, 8, 16, 20, 15, 21, 22]
[0, 0, 0, 0, 0, 0, 0, 0, 0, 0, 0, 2, 0, 0, 5, 1, 0, 0, 9, 10, 6, 15]
[0, 0, 0, 0, 0, 0, 0, 1, 0, 2, 0, 5, 5, 0, 6, 5, 9, 10, 13, 11, 15, 15]
------------------------我是分割线--------------------------------
[0, 0, 0, 0, 1, 2, 3, 12, 4, 12, 1, 14, 12, 4, 17, 13, 12, 12, 21, 22, 18, 27]
 [0, 2, 1, 6, 4, 3, 9, 13, 9, 14, 4, 17, 17, 7, 18, 17, 21, 22, 25, 23, 27, 27]
[15, 8, 8, 8, 8, 8, 11, 11, 11, 7, 6, 6, 6, 3, 3]
 [12, 16, 14, 14, 14, 1, 0, 0, 0, 0, 5, 0, 0, 0, 0]
算法时间： 13.332127094268799 s

disrution_start: 11 disruption_end 13
[1, 2, 3, 4, 5, 6, 7, 8, 9, 11, 14] [10, 13, 17, 18] [12, 16] [15, 19, 20, 21, 22]
reschedul_list [12, 16, 15, 19, 20, 21, 22, 10, 13, 17, 18]
min(exceed_resource) 42
group: [42, 0]
[1, 1, 1, 1, 1, 1, 1, 1, 1, 1, 1]
[16, 10, 17, 12, 19, 18, 20, 13, 15, 21, 22]
[0, 0, 0, 0, 0, 0, 0, 0, 0, 0, 0, 1, 0, 0, 4, 0, 0, 0, 8, 10, 5, 12]
[0, 0, 0, 0, 0, 0, 0, 0, 0, 1, 0, 4, 4, 0, 5, 4, 8, 10, 12, 11, 7, 12]
------------------------我是分割线--------------------------------
[0, 0, 0, 0, 1, 2, 3, 9, 4, 13, 1, 14, 13, 4, 17, 13, 13, 13, 21, 23, 18, 25]
 [0, 2, 1, 6, 4, 3, 9, 11, 9, 14, 4, 17, 17, 7, 18, 17, 21, 23, 25, 24, 20, 25]
[15, 15, 15, 15, 8, 15, 15, 8, 4, 4, 3, 3]
 [10, 8, 8, 8, 1, 0, 0, 0, 0, 0, 5, 0]
算法时间： 11.986136436462402 s

disrution_start: 12 disruption_end 14
[1, 2, 3, 4, 5, 6, 7, 8, 9, 10, 11, 14] [13, 16, 17, 18] [12] [15, 19, 20, 21, 22]
reschedul_list [12, 15, 19, 20, 21, 22, 13, 16, 17, 18]
min(exceed_resource) 36
group: [36, 0]
[1, 2, 1, 1, 1, 1, 1, 1, 1, 1]
[13, 16, 17, 12, 15, 19, 21, 18, 20, 22]
[0, 0, 0, 0, 0, 0, 0, 0, 0, 0, 0, 0, 0, 0, 3, 0, 0, 0, 7, 10, 4, 11]
[0, 0, 0, 0, 0, 0, 0, 0, 0, 0, 0, 3, 3, 0, 4, 3, 7, 10, 11, 11, 6, 11]
------------------------我是分割线--------------------------------
[0, 0, 0, 0, 1, 2, 3, 9, 4, 9, 1, 14, 14, 4, 17, 14, 14, 14, 21, 24, 18, 25]
 [0, 2, 1, 6, 4, 3, 9, 11, 9, 12, 4, 17, 17, 7, 18, 17, 21, 24, 25, 25, 20, 25]
[14, 14, 14, 8, 15, 15, 8, 4, 4, 4, 3]
 [8, 8, 8, 1, 0, 0, 0, 0, 0, 0, 5]
算法时间： 11.893114805221558 s



disrution_start: 13 disruption_end 15
[1, 2, 3, 4, 5, 6, 7, 8, 9, 10, 11, 14] [12, 13, 16, 17, 18] [] [15, 19, 20, 21, 22]
reschedul_list [15, 19, 20, 21, 22, 12, 13, 16, 17, 18]
min(exceed_resource) 40
group: [40, 0]
[1, 1, 1, 1, 1, 1, 1, 1, 1, 1]
[18, 20, 13, 16, 12, 15, 17, 19, 21, 22]
[0, 0, 0, 0, 0, 0, 0, 0, 0, 0, 0, 0, 0, 0, 2, 0, 0, 0, 6, 10, 3, 11]
[0, 0, 0, 0, 0, 0, 0, 0, 0, 0, 0, 2, 2, 0, 3, 2, 6, 10, 10, 11, 5, 11]
------------------------我是分割线--------------------------------
[0, 0, 0, 0, 1, 2, 3, 9, 4, 9, 1, 15, 15, 4, 17, 15, 15, 15, 21, 25, 18, 26]
 [0, 2, 1, 6, 4, 3, 9, 11, 9, 12, 4, 17, 17, 7, 18, 17, 21, 25, 25, 26, 20, 26]
[15, 15, 8, 15, 15, 8, 4, 4, 4, 4, 0]
 [8, 8, 1, 0, 0, 0, 0, 0, 0, 0, 5]
算法时间： 11.276162385940552 s


disrution_start: 14 disruption_end 16
[1, 2, 3, 4, 5, 6, 7, 8, 9, 10, 11, 14] [12, 13, 16, 17, 18] [15] [19, 20, 21, 22]
reschedul_list [15, 19, 20, 21, 22, 12, 13, 16, 17, 18]
min(exceed_resource) 44
group: [44, 0]
[1, 1, 1, 1, 3, 1, 1, 1, 1, 1]
[12, 18, 16, 13, 17, 20, 15, 21, 19, 22]
[0, 0, 0, 0, 0, 0, 0, 0, 0, 0, 0, 0, 0, 0, 1, 0, 0, 0, 5, 10, 2, 11]
[0, 0, 0, 0, 0, 0, 0, 0, 0, 0, 0, 1, 1, 0, 2, 1, 5, 10, 9, 11, 4, 11]
------------------------我是分割线--------------------------------
[0, 0, 0, 0, 1, 2, 3, 9, 4, 9, 1, 16, 16, 4, 17, 16, 16, 16, 21, 26, 18, 27]
 [0, 2, 1, 6, 4, 3, 9, 11, 9, 12, 4, 17, 17, 7, 18, 17, 21, 26, 25, 27, 20, 27]
[8, 1, 8, 8, 1, 4, 4, 4, 4, 1, 0]
 [16, 9, 8, 8, 8, 0, 0, 0, 0, 0, 5]
算法时间： 11.007121562957764 s

